50
4
-6.94649668 34.65604485
35.82637180529222
36.37728783996665
34.73804823287297
33.971203196518985
36.904274407332906
32.2706722877612
28.737044862348537
33.71298969417253
32.80434105816924
27.756292049997413
29.995032230776232
28.42601539246967
27.330258660582494
30.32721681937387
26.781759916415712
29.0898101979333
29.462287875948164
28.067033319363535
30.05806296194941
25.420203794706485
28.2592123497572
29.286801750851136
29.52273495509627
29.65709738793892
27.66274541379166
29.779712898904314
29.170273626143583
29.786797012006343
28.767248850180792
29.962307490052403
28.61625993264615
30.9212265883693
33.425478486631725
31.388467940075866
33.91202042053236
34.50999597554098
36.28344059126336
35.6224848807053
36.10103727156514
38.873513784256275
36.56676708521941
37.99065535623246
39.85318588664503
41.54738583114774
39.76609761977839
38.78098058711772
40.72311193665628
44.17976097519752
44.01077572045015
43.85316067314431