50
4
5.000000 40.000000
39.557462
36.670578
40.259988
36.367623
34.706730
32.434378
34.617989
35.557839
31.018741
28.744621
32.102400
29.959955
29.568358
24.892373
28.601900
24.932545
24.188047
26.034752
27.515367
27.597456
25.450757
23.653718
24.049491
24.636163
19.677536
21.670199
20.595486
22.290987
22.856426
19.773837
15.428125
21.021557
21.924098
22.004924
20.986576
29.722182
22.608233
27.327640
22.547307
22.935835
25.639461
22.607489
28.496193
29.674340
26.763285
28.142843
32.533381
29.487914
29.615863
29.437178