50
4
40.000000 40.000000
50.280834
52.070725
48.603652
49.563599
50.087687
49.726642
42.960009
44.790041
40.774714
41.127771
40.584336
43.066563
37.999688
35.910901
35.584285
37.746432
33.570596
34.127817
35.436664
34.994697
29.762060
31.460508
31.119716
27.251041
25.411271
23.659677
21.111383
21.344604
19.292251
19.372915
20.680032
14.194316
17.630561
12.162939
13.406953
18.526734
12.001725
12.713085
16.144237
7.812073
10.040525
8.415377
11.308665
10.620147
8.494130
6.650961
2.314578
8.656308
8.971732
7.374178