50
4
5.000000 5.000000
5.251914
2.965038
3.098350
2.923770
2.306351
4.297684
1.136585
4.400348
6.280450
6.095057
8.478594
11.172960
10.048818
8.487625
11.860650
14.318107
11.792403
17.355347
19.612280
16.187471
19.343800
23.490677
23.141840
20.892717
21.591094
26.786519
26.368365
31.263457
29.424742
34.255579
28.784805
36.791099
32.772890
35.556465
35.883255
35.354699
42.829882
39.220307
43.337685
43.055351
42.640455
38.171789
46.537165
47.169696
47.603310
52.729383
45.061335
48.297471
50.668871
51.236964