50
4
40.000000 40.000000
49.447071
47.785345
51.797711
52.031889
48.872556
48.281911
46.073737
43.887655
42.430122
42.112159
45.523673
45.800956
35.874589
39.451170
40.327975
39.531036
40.121540
36.521996
30.495534
30.408377
30.698902
32.009256
27.575633
28.681858
25.133283
24.018470
22.442988
22.440247
19.388028
16.551424
17.300788
17.705538
16.880445
15.023574
16.004370
13.890573
15.684230
11.541132
13.378343
11.441226
12.585620
9.823606
12.228370
6.456229
8.652380
6.018020
4.829170
7.188464
5.260130
7.689002