50
4
5.000000 40.000000
41.738682
38.153505
38.328266
38.380720
37.216587
38.144687
29.135918
33.360449
30.229625
31.936691
32.639197
29.671465
28.353735
27.142436
27.143825
26.064008
20.398911
22.869574
23.883050
20.714545
24.899130
24.384140
20.782990
21.533835
21.353385
21.601982
18.973069
19.013352
19.173764
17.483264
17.863780
21.628180
18.364312
20.904577
21.862104
25.370672
17.994688
20.404435
18.376360
22.105829
28.192111
27.410753
26.773312
27.890780
25.273316
30.513139
30.597417
30.650380
29.451630
29.400316