50
4
40.000000 5.000000
34.399337
34.641070
35.408756
35.552357
33.231115
29.308194
32.591514
29.559146
29.284770
27.806501
28.488733
26.579617
28.569732
25.028120
31.012195
28.503942
29.349499
24.503360
27.018933
26.226366
25.909136
30.932332
27.191500
25.446620
25.443966
28.896348
27.624588
29.607583
27.233233
32.507620
31.196611
34.014968
28.713631
34.213245
32.047018
31.075481
35.998530
37.931477
37.718745
35.167014
40.018217
37.456920
35.439322
38.719420
37.670617
39.905098
41.159660
43.588369
42.773490
43.365109