50
4
5.000000 5.000000
5.228280
6.548122
2.650514
2.604810
0.922314
6.130831
0.000000
5.354639
4.788562
5.216522
7.264181
4.493126
11.269204
15.126288
11.939243
15.029014
15.855578
14.751883
16.297479
19.572554
17.256599
23.083682
24.745125
21.596874
18.935273
29.126157
24.744740
24.391743
34.392985
29.039724
32.467769
29.345541
31.234557
39.300666
33.939573
38.069505
39.965993
43.693616
43.520769
38.668120
43.865809
44.130664
42.141928
46.428306
49.256820
49.287138
48.555581
51.524834
53.027313
53.417053