50
4
5.000000 5.000000
5.485478
7.575665
2.755483
1.201942
3.116568
4.850646
4.270131
4.063109
6.119067
9.606435
11.763804
10.979347
5.134137
10.140995
7.811857
18.592491
10.556725
10.874983
17.279478
21.221188
17.977080
24.971988
21.939768
23.347146
25.150939
28.480491
24.992839
26.927896
29.614154
32.217928
30.626230
33.055664
31.266685
37.577949
34.934819
40.089021
42.720260
41.616525
40.674676
40.226786
41.893760
44.090039
43.225760
48.855271
49.231550
46.804457
48.009359
53.661483
52.407647
52.306126