50
4
40.000000 40.000000
54.200259
52.582422
51.624135
53.770930
54.249656
49.858432
45.355993
44.577994
46.012220
45.949553
41.005110
43.111670
37.017541
39.141985
35.742466
33.416713
38.177493
36.026048
32.434490
31.112976
27.158622
27.743231
25.940615
29.198547
27.667138
23.757995
21.256797
22.160076
21.593599
22.231509
15.962560
19.962181
15.176469
19.101552
13.708173
15.378558
11.218780
14.261581
12.221071
11.878863
8.239006
5.058519
9.708605
11.752422
7.275007
8.906802
6.793857
4.788905
7.089571
6.112645