50
4
40.000000 5.000000
33.999995
33.528352
33.501958
33.210336
29.652783
31.144252
31.195222
32.796780
29.574572
27.911400
29.885563
24.318680
30.277181
26.592137
26.610124
25.407523
27.113060
27.227387
25.623764
26.435477
26.856149
27.163434
30.089425
29.652626
27.425452
25.826602
27.162866
28.699917
31.563429
35.469403
28.908488
30.199536
36.043009
31.313579
31.636992
36.960727
33.636705
34.593514
35.865234
36.489088
37.867069
38.221904
36.343323
40.672428
37.616369
41.228290
42.414706
43.918507
39.827671
42.585303