50
4
40.000000 40.000000
51.418621
51.045927
48.145577
49.933004
45.967604
53.062274
47.228956
42.892459
40.560802
43.356834
43.478856
38.907050
36.443004
34.385751
39.105781
33.913837
34.382678
31.188287
36.725587
27.324517
30.147727
24.601275
31.383937
23.601582
30.532759
25.161218
25.050964
22.410472
19.209251
20.505898
21.202086
20.389919
20.195224
16.206705
17.966601
14.576913
12.318541
16.180757
13.660343
15.062631
10.092521
11.836311
9.705359
6.815205
11.523481
4.712596
8.610567
5.883683
4.598337
8.957762