50
4
5.000000 40.000000
39.622862
38.592926
40.147269
39.678982
35.710779
34.035327
32.985468
29.314736
32.456212
31.314959
30.869952
28.915359
31.755678
31.796944
25.952082
29.598986
26.715296
26.650696
24.513224
27.000534
23.300514
21.501637
21.590421
21.028459
20.508899
21.879362
19.017329
20.868458
22.314392
20.839315
19.199357
21.562705
24.215200
19.028585
24.345872
20.770426
22.312399
23.437285
24.368186
23.568220
25.153109
23.158687
25.066159
26.991779
26.778439
31.807229
25.255717
30.783913
28.741888
29.776476