50
4
5.000000 5.000000
3.919470
1.532737
3.861498
0.662960
1.697706
5.478567
6.542442
7.154085
3.534213
6.559816
8.537085
8.760641
10.567909
11.050721
12.058929
11.862031
15.767301
18.052126
20.863318
22.208561
22.916557
19.714825
19.201899
22.966400
25.204382
26.300544
25.352982
28.315355
29.434168
25.725706
30.427209
33.345182
39.137771
31.700623
35.933145
38.694862
41.641339
40.040162
43.207366
43.930800
38.764928
41.490144
45.391829
46.661350
48.942092
49.455778
54.821695
49.104197
52.293754
54.025006