50
4
5.000000 40.000000
35.465110
41.068940
36.834424
37.554829
34.964717
39.495242
33.633400
32.104093
34.931115
31.678776
30.688879
26.324378
28.820314
29.768965
28.535628
27.221496
26.914624
26.445033
25.836006
24.611624
25.680983
21.783860
30.957460
22.957451
14.670119
23.253243
20.791596
19.000387
17.397761
22.228547
19.473838
22.573258
20.697355
23.838045
21.889038
22.610807
22.759934
23.166061
24.242342
22.807582
21.245753
23.963982
25.600540
29.235580
30.140040
30.355868
29.856902
27.380601
28.564277
34.536546