50
4
5.000000 40.000000
39.138159
36.072128
38.501235
36.730565
36.824665
29.964408
37.467836
35.084125
29.686229
29.895334
30.847796
28.402299
27.060213
27.674130
27.455746
23.549543
27.659680
27.508207
28.050807
21.725025
25.424845
25.546456
19.933182
24.404079
24.529982
22.393082
22.880108
22.564268
21.175516
17.893017
24.124273
22.589370
19.806419
19.549512
25.022774
23.727089
23.900419
26.522748
24.175404
23.451760
27.559475
21.657067
30.089529
24.988369
26.537925
30.569732
31.957212
25.912283
31.541111
31.459899