50
4
40.000000 5.000000
36.185894
31.585432
34.741703
30.966607
28.736278
33.348239
31.862441
29.417172
32.516538
26.038432
29.119400
29.691778
33.314270
28.576471
22.802621
30.195489
28.115509
25.054205
29.992005
31.223353
27.281559
28.638895
31.316095
28.146156
27.806817
32.008221
28.961515
27.633959
30.033216
34.598542
29.712540
28.641807
30.606965
32.788770
30.298231
33.008573
32.542174
33.787967
32.658427
33.811273
37.573467
37.423237
37.359425
39.306264
39.282516
39.964025
40.475042
44.267719
44.933354
40.815753