50
4
5.000000 40.000000
39.599710
37.499717
35.953045
35.774613
31.490350
36.519469
36.976681
33.508597
30.713210
35.916782
30.867663
30.979794
31.537644
25.060573
30.128773
27.741207
25.243099
22.077476
23.209948
24.169006
25.850287
25.195335
26.118719
23.572016
22.637101
20.290947
19.892446
18.102348
20.598345
21.489298
20.916264
23.003038
24.335150
21.210597
20.415081
22.956105
23.770139
23.837136
22.631043
22.740394
28.618285
26.157671
27.751209
27.773902
27.171990
26.348945
29.133995
27.988481
31.949074
34.830907