50
4
40.000000 40.000000
54.873541
52.455425
49.815441
46.609316
53.556035
45.634838
48.371364
42.510626
44.996481
38.164252
44.815518
40.431468
40.100291
39.870131
38.477588
36.491063
32.512943
32.823624
28.676847
31.004028
27.689884
31.644252
23.768627
28.581733
27.982737
26.269091
22.805751
24.387100
21.490499
19.721585
15.326359
17.427295
15.254157
14.777134
15.276279
13.800939
14.220312
13.181946
13.957058
14.720145
9.035223
15.612660
9.527860
7.922658
3.641274
6.873151
12.313540
10.872644
7.699432
11.319619