50
4
5.000000 40.000000
39.292543
38.304175
35.104651
40.031646
36.877816
35.326438
34.258116
37.246906
31.305505
28.803643
30.403571
29.380056
29.138551
27.786942
25.621030
25.952583
24.626856
28.886971
28.229830
22.919844
23.619783
23.014818
20.205656
25.465910
22.827413
22.725668
17.884084
19.371144
21.024329
19.099268
22.155785
20.542832
20.908846
21.774184
23.594249
24.094608
18.495510
23.158050
26.804893
23.878876
23.725508
25.317152
25.203138
28.082895
29.392133
33.836766
30.319691
29.597084
31.071143
31.976275