50
4
5.000000 5.000000
5.740688
3.363360
4.260187
6.154261
2.760779
3.378148
1.899851
4.497123
5.981251
7.571005
5.795976
12.827997
14.079931
11.402035
12.358781
11.501378
18.438028
13.113220
13.170598
21.151520
19.550101
22.720318
22.108250
23.223923
24.611740
26.900568
27.046239
29.615312
30.430488
34.106250
31.157737
33.180233
33.159293
34.585075
35.836405
33.931618
35.215482
34.008477
42.555253
42.684289
45.296349
43.384027
44.566176
48.733552
40.920317
44.572136
47.560128
48.512980
53.522370
51.257400