50
4
40.000000 5.000000
36.245549
32.485238
30.544167
36.403326
33.993157
31.060784
30.462752
32.109667
31.103236
29.340417
28.904121
28.216985
27.875991
29.787710
35.639824
25.810122
30.292914
24.291143
27.613210
22.835382
29.531934
23.953008
29.505552
28.008425
30.094525
29.567754
20.132655
30.535817
31.017308
30.734946
32.904300
34.064077
30.358397
32.030409
32.368464
32.885335
34.684885
36.248122
32.572382
35.998549
40.679065
35.665734
38.433586
37.669114
40.595351
37.281281
38.622964
41.417323
43.818714
47.636208