50
4
40.000000 5.000000
38.395569
35.012838
33.872057
34.679978
32.088036
28.936958
33.560595
31.688215
28.990800
30.101798
32.099315
26.275449
23.505980
26.158984
29.126938
22.981194
25.898903
29.569970
29.027017
31.090773
27.814791
29.911078
30.498967
27.106194
29.385981
28.847010
28.843731
27.974768
29.623958
33.149573
36.959644
31.227651
29.301937
30.692306
30.957106
38.459773
32.109153
33.049602
37.962698
36.229545
35.767580
35.457990
34.205411
44.019126
36.007580
37.140138
40.551996
44.405482
40.014769
40.691059