50
4
40.000000 40.000000
56.526875
52.645640
52.168094
47.875772
49.623453
49.754493
46.491935
48.667375
43.836430
41.712632
40.398594
45.944672
39.202482
41.223143
39.473829
34.959524
35.123443
30.955453
30.857833
31.304726
30.316160
28.962811
26.136879
24.006055
26.161758
25.526969
20.338237
23.242410
19.058472
20.518017
17.996864
21.247122
15.830899
15.679035
16.730717
16.035275
15.414421
14.065801
11.287509
12.395393
9.866970
6.204270
8.028698
7.553504
10.021389
6.413970
6.775808
7.770779
8.803291
8.369854