50
4
5.000000 40.000000
38.169860
37.115429
37.002739
35.406419
37.074473
35.181585
37.946553
33.567344
31.373406
35.557579
28.036220
29.851310
28.605179
27.221690
27.872519
26.009784
29.480903
25.728956
24.415444
22.783367
27.201369
26.365283
21.887825
23.883953
21.863925
23.897259
19.574176
20.942431
20.724780
24.391088
16.834128
21.119197
17.393103
20.954051
21.343719
22.430605
19.918136
21.720927
28.022367
24.456066
22.705491
27.468822
24.556718
28.303675
28.572510
28.656221
33.438343
25.608618
28.288718
32.549847