50
4
5.000000 5.000000
2.002060
8.666729
4.556188
2.707963
1.908896
2.676717
2.031691
3.161681
7.831646
6.713099
7.890669
10.592991
12.715752
11.400372
13.212505
16.560727
13.778127
15.513345
21.427868
21.392593
21.471224
21.577821
20.794372
21.866054
20.287131
23.898217
28.154180
25.432284
30.137058
27.123705
32.108836
33.697786
33.203903
34.667240
33.417349
38.059767
35.385070
44.068712
40.224876
39.694204
42.398280
42.489368
45.237720
42.069269
46.906095
43.651803
50.598218
49.800813
51.019529
52.483555