50
4
40.000000 5.000000
34.190222
33.023685
35.105226
33.566810
33.288390
30.371265
30.264468
31.033306
31.203818
31.481612
29.527003
27.704102
27.927864
26.894990
26.119260
30.416846
28.134018
27.991123
24.591604
29.281362
21.926546
27.508195
26.286964
27.261607
25.760292
28.423836
30.741040
30.331403
26.988159
28.132642
29.007496
29.798837
26.243687
33.511824
28.808470
33.316740
33.615980
31.500143
30.250795
34.589433
33.226116
35.911476
38.204670
35.703651
37.893328
38.806355
40.238266
40.718600
36.743382
44.280347