50
4
40.000000 5.000000
37.818211
34.588497
34.105106
34.722637
33.297537
29.574017
30.952300
32.913896
32.363154
31.157154
28.489571
27.821089
26.125733
25.231211
25.090957
29.054642
28.126476
26.809676
27.246924
27.559838
24.395748
28.808609
24.970998
26.351331
27.323308
23.757402
26.269891
29.423150
29.511963
30.564166
32.158002
27.326669
32.128722
28.896559
34.636787
36.164750
31.940055
32.738735
35.829274
35.247648
39.986450
38.070896
36.656900
39.097315
37.085322
41.022559
42.795240
41.636921
43.403226
41.051430