50
4
5.000000 40.000000
40.140322
37.272970
38.516827
40.303366
37.516185
36.753160
31.982620
32.633654
31.993552
29.280115
27.348537
31.881544
34.419723
30.107821
26.336119
26.757639
24.408603
28.770033
20.685657
25.656182
20.537038
20.367331
20.527668
22.766873
17.799867
21.391577
23.594148
20.918019
22.633082
17.180988
22.923094
22.813998
22.320225
19.974352
22.210137
23.202918
21.087486
20.610240
24.446758
22.215374
25.917112
21.643090
28.025420
21.523502
28.109660
29.674383
31.329873
30.407917
32.111761
33.098727