50
4
40.000000 40.000000
53.814667
51.090747
53.054120
48.659593
45.414403
48.321246
47.292936
46.856789
44.982911
39.056834
35.887561
40.132646
37.506210
37.663165
38.014393
36.133711
39.109105
31.926508
31.491265
34.257088
29.428308
28.774227
31.204871
22.020674
27.396305
25.531650
25.201400
21.991755
18.764461
17.979217
16.145590
14.458151
18.195859
16.325728
15.316242
12.062578
12.764850
8.232473
8.385092
12.239558
9.617539
9.690346
7.739861
11.120811
6.380639
8.598974
5.949734
8.618042
5.715466
7.666305