50
4
40.000000 5.000000
37.580332
36.013255
36.966891
33.698291
29.141037
32.671824
33.299705
29.522273
27.469221
29.672979
28.746810
30.961535
27.875625
27.079050
29.535898
27.812586
28.653064
23.893422
25.477512
28.143512
27.623269
27.359390
28.735063
25.201786
28.188807
31.787063
27.542431
25.438958
30.250819
29.613988
27.429511
32.109144
33.433048
25.757088
29.613239
31.620053
33.005143
33.433205
35.451597
34.256576
36.086633
37.743352
38.000229
40.235207
33.790575
40.960452
42.871797
38.268351
42.323972
40.859515