50
4
5.000000 40.000000
36.444150
36.812419
36.351345
37.209919
40.767828
36.696636
31.644193
32.629298
29.686088
34.029642
30.187062
30.672407
27.074908
30.583154
28.026718
25.322667
31.561011
27.451870
22.376161
21.329584
24.928224
20.707791
21.758183
26.323109
21.885281
18.883611
22.422690
18.383437
19.207807
19.601777
20.413166
23.972763
21.326502
22.402433
18.022568
23.831157
23.919917
26.516750
27.142231
21.296506
23.997684
27.479339
27.125587
29.104156
23.732242
30.340634
27.589282
30.884975
32.027921
31.686626