50
4
5.000000 40.000000
38.648830
42.769059
39.447143
38.866056
35.647419
36.234804
31.178133
31.913014
35.093468
36.048909
30.395433
31.677807
28.979019
32.290173
29.747940
23.881907
29.409417
22.968639
22.346992
23.804813
21.430103
21.401815
22.221216
20.754618
21.648753
17.963141
21.784335
24.474179
23.599785
20.315738
26.295884
24.804315
22.211738
21.100764
25.509027
27.185066
20.346019
22.543236
24.134958
25.946712
24.490051
24.009313
26.582530
29.349983
26.294677
29.753239
26.838263
28.691169
26.832368
30.029265