50
4
40.000000 5.000000
33.394693
38.804925
33.969524
32.475555
29.877694
33.885545
28.386898
25.174372
29.065125
26.686438
31.660031
31.582655
29.606921
20.790385
28.532982
28.780539
26.798032
29.995148
27.945037
28.109903
27.854410
28.280065
26.056379
29.315234
27.198899
26.081529
26.764374
29.589230
32.575480
28.971848
33.615274
31.848319
33.190546
31.954261
30.679344
33.256503
34.612072
33.847469
34.352096
33.452963
37.116875
37.876026
34.308095
41.032055
34.908350
37.523131
39.352027
44.881077
37.084297
44.087780