50
4
5.000000 40.000000
43.228203
42.017011
38.469833
34.160107
34.176173
36.080811
31.372668
34.486210
33.247496
32.286902
27.227640
32.168288
27.966520
28.557012
29.483498
24.224813
23.843974
27.945829
24.017273
22.266689
22.858345
22.598275
21.870839
18.621539
22.482527
20.587246
24.821122
19.864549
21.213253
20.732693
19.164771
19.928534
24.000520
25.755553
24.187031
19.598978
24.432095
21.527640
26.552878
24.399606
24.325020
27.166351
22.707023
27.647948
32.504858
27.250518
29.207404
30.002898
34.277405
31.291834