50
4
5.000000 5.000000
3.131736
2.472923
1.744841
-1.705790
4.814617
8.305549
2.565377
4.479182
4.051315
3.707729
6.321457
10.192964
9.259549
9.216494
8.897473
11.724392
14.967027
18.742014
17.792680
12.021069
19.659923
16.505153
21.058316
20.578508
22.186543
25.582215
27.928324
27.958759
26.747408
30.919172
33.244638
32.831962
33.039585
37.000353
31.979432
37.762288
38.383197
40.660248
39.483659
39.346911
43.861350
44.523565
42.168533
44.554977
46.185470
48.121775
50.379093
49.311294
48.271770
54.657745