50
4
40.000000 5.000000
37.609136
32.645672
30.095344
36.309873
27.342078
33.893233
31.377778
31.301445
30.231427
30.497400
26.598372
28.785087
27.390691
28.381041
27.046148
28.273079
29.278402
29.686485
27.793594
27.631820
29.032969
28.078182
29.259865
25.556667
23.713812
27.000176
32.091508
28.151792
29.037566
32.145604
28.017076
34.268991
32.291933
31.666707
34.009033
33.555351
34.133536
37.669531
35.713956
32.884350
33.063146
39.489172
37.375694
39.527977
38.512258
43.341516
41.280205
40.674009
44.131554
46.667464