50
4
40.000000 5.000000
33.991611
38.676296
32.475180
30.736909
32.989830
34.610291
30.379979
31.786022
30.079391
31.941244
30.100050
24.783616
26.937336
29.092262
28.731451
28.859192
31.045465
30.440835
22.656318
27.048040
25.930157
31.396373
27.125461
29.451233
29.174206
27.877989
27.274844
26.851719
28.317095
26.484755
34.698261
27.639913
31.279037
33.112204
26.766209
35.474176
32.023581
38.108182
37.566525
36.778897
38.483611
39.383239
39.996528
33.049329
39.813009
35.636687
41.896873
39.230447
44.520915
43.122910