50
4
40.000000 40.000000
55.139317
51.056304
51.881032
48.196406
45.791514
48.573792
43.710057
47.569918
41.841834
42.647447
43.403802
40.428311
34.122948
39.607995
36.597152
34.075199
35.893794
39.856878
32.958095
30.373271
30.561804
28.066113
25.651033
26.882222
20.123855
22.568406
20.822274
25.454815
22.711974
21.291957
19.743625
15.215280
15.485726
15.527802
13.641483
11.461573
16.341829
16.857511
16.395481
11.889564
9.668242
12.594853
7.354864
10.617628
8.858281
7.182116
11.694965
9.284740
8.663449
5.318597