50
4
40.000000 40.000000
53.428640
52.041559
50.115193
49.419864
50.275346
44.914866
50.936187
44.366856
40.822510
39.218232
37.662131
41.793740
38.248151
33.162963
38.794779
35.114233
36.566894
29.832458
30.031173
33.248113
30.845227
29.924094
28.594110
25.556813
25.895336
21.630408
21.749360
20.805371
23.721887
25.332627
23.785731
18.701089
17.771249
20.366358
18.065527
16.318729
14.954966
11.695403
12.975015
11.339910
7.086642
10.021160
12.095419
8.505748
7.624263
8.175791
6.819144
6.329351
9.232110
9.140988