50
4
40.000000 40.000000
52.974129
53.851211
50.743827
50.727111
48.200228
49.265557
46.758865
45.834463
42.218605
42.624323
43.782374
41.121798
33.007283
40.777944
33.097726
36.434676
29.709069
37.330322
32.959717
29.058137
31.729237
27.935827
27.893473
26.977575
22.941008
20.211504
23.090730
20.851796
25.905934
18.385663
19.668634
16.513943
17.936285
18.489846
14.528139
14.322093
12.057463
9.815185
11.605908
10.366531
11.177066
10.045800
6.691220
6.674636
8.334133
3.426269
8.004206
11.270603
7.679982
9.017160