50
4
5.000000 40.000000
39.777539
35.550751
36.936106
38.173486
36.309774
33.563741
30.365517
35.026240
30.396016
34.059304
30.707414
29.316484
32.277736
28.280411
31.529621
25.252068
23.579820
26.238758
28.066297
21.374990
26.125557
18.577214
26.240628
24.503504
23.814809
25.579356
21.863528
17.687974
21.925075
21.343239
21.094161
21.508930
21.756308
23.827217
19.102050
16.570217
21.332391
20.673118
27.281184
27.436078
20.549789
26.449742
27.987187
27.893324
26.077268
24.787460
27.844519
31.467656
30.853352
31.995035