50
4
5.000000 40.000000
44.763963
37.294801
38.989972
38.258142
35.973600
37.507960
35.039342
31.426465
33.607912
33.083608
28.177777
29.786059
28.712794
26.423193
26.029626
28.626006
24.889974
26.164037
24.846242
20.735656
26.691997
21.723260
16.575858
21.740109
21.532275
20.431693
22.942321
18.268798
19.151200
17.911656
21.475198
18.813557
24.062861
24.985847
23.727902
23.726468
24.527548
24.725006
23.776384
26.126181
28.251448
24.858011
29.619111
28.074958
27.289818
27.496258
26.771876
26.988761
28.181527
33.014323