50
4
40.000000 40.000000
53.533920
48.355942
53.538901
46.827233
49.449915
52.803676
44.725293
50.514854
42.569786
42.873469
42.781471
40.513396
40.990926
35.629878
40.531352
35.547363
36.007853
34.877889
32.743557
32.113063
31.561310
32.380409
29.812522
26.065682
25.412103
26.314925
18.045123
25.338542
21.656622
19.326629
18.354660
14.950445
15.982437
15.311318
11.180631
17.161923
14.798014
12.376072
14.645119
10.178532
9.306864
9.801777
11.834146
7.548729
8.320101
5.585724
9.881864
3.063358
7.437059
3.031890