50
4
40.000000 5.000000
38.070580
35.807728
35.602384
33.846826
29.888553
31.276779
32.402899
35.089432
26.502857
28.452339
30.585235
31.126641
27.308844
30.845695
26.560889
29.271629
29.175848
26.774823
24.262013
28.665225
26.846177
27.972288
27.461078
25.410537
28.678878
26.097528
24.793105
27.855208
31.406386
29.649657
29.934308
30.211556
28.567532
34.180217
31.830015
31.544913
30.883780
31.611451
33.896017
34.820977
39.644012
38.308807
38.995527
34.437277
43.406175
39.978314
39.458519
41.357034
43.830328
43.004769