50
4
40.000000 40.000000
54.058760
50.433826
53.626775
54.234680
49.020968
46.347540
47.312577
43.759033
41.676503
44.403370
46.815560
37.794473
41.487311
35.126057
36.511371
36.290785
35.670252
29.111279
32.382797
25.917837
30.200735
30.718567
25.652943
27.631563
25.971055
23.582365
25.102489
19.452422
23.222179
24.399641
16.428116
18.983112
18.771636
13.166764
14.634209
17.772861
20.224095
11.160284
8.123627
8.514640
10.327762
6.887693
9.925604
6.565810
7.708446
6.389411
7.868031
4.207629
9.143800
6.254030