50
4
5.000000 5.000000
3.241840
4.256379
4.079362
0.000000
4.105185
0.420824
1.859869
3.383795
5.289042
8.343878
7.752663
7.235856
7.705671
12.995697
11.917008
17.015435
14.842777
16.525678
15.454030
19.344159
18.539005
25.571247
24.282855
23.369528
22.443913
23.356680
28.731893
28.917196
30.903052
27.487598
28.601953
30.272122
35.767288
33.956046
39.690194
42.539618
39.432906
40.340196
39.575928
41.106967
40.450184
41.621909
44.081268
46.124741
48.904447
51.196288
47.164336
49.715628
52.540680
58.267846