50
4
40.000000 5.000000
34.436046
38.285173
36.128037
34.030849
33.922314
29.084481
29.117205
25.551089
31.857767
30.880006
31.184607
29.739009
29.094360
29.689500
29.172226
31.803377
25.765625
25.666781
25.537802
29.235608
25.248518
27.831201
29.130038
31.970062
29.747151
25.685788
27.499050
28.669180
31.174695
29.290384
29.410053
31.212150
33.816214
30.908504
32.514632
34.317819
33.072795
33.307953
31.005384
38.488344
38.066976
35.855659
39.896888
39.388107
41.202659
39.945812
40.872903
38.993562
40.753222
39.805110