50
4
40.000000 5.000000
35.712529
35.816212
34.334785
34.841174
33.441365
32.266332
29.996571
29.688874
27.031014
28.686744
31.590024
30.320842
26.018470
33.894166
22.850552
29.406274
25.120410
24.709636
23.959296
29.676249
27.877865
25.321187
28.804232
25.497578
28.417672
29.793428
24.906092
29.382648
29.221024
33.519064
32.739314
26.633223
29.256245
33.650981
34.721634
31.425909
33.745998
34.697621
38.156434
34.591288
34.911386
37.476754
38.803783
36.978323
35.436037
38.848872
38.107509
40.439917
40.011921
39.544036