50
4
40.000000 5.000000
37.498641
31.172136
35.900840
29.411057
33.662866
32.033694
32.880359
27.901415
34.216775
31.643738
29.396288
26.943256
27.596754
30.877958
29.017911
23.966214
25.981490
27.849875
27.468023
27.579967
30.071688
29.407600
26.647390
26.204484
24.234025
24.229037
26.923176
27.169304
29.275357
32.123452
28.764750
27.153229
31.015210
31.439094
29.324486
33.764154
34.667362
32.266826
32.740167
33.412129
36.398040
39.858438
36.896426
38.890339
38.673568
42.061423
41.480207
39.716896
41.420037
45.979404