50
4
40.000000 40.000000
52.715889
52.237953
50.054421
50.463589
49.146127
46.146752
46.887354
47.143690
42.240341
42.164556
41.697228
38.456692
38.129988
40.135826
39.483277
32.108705
40.502252
34.675521
30.824627
30.752986
29.315679
28.551870
27.421019
24.045778
27.864169
24.895675
24.931033
22.118354
20.311292
20.671214
18.632588
18.393010
17.183399
18.029266
16.523490
16.770964
15.388341
8.964012
9.080474
6.786509
9.788005
9.773989
4.698963
10.128768
8.238408
6.568680
7.637807
3.802294
7.718807
9.067134