50
4
5.000000 5.000000
2.825753
4.479873
1.731391
3.983050
2.115975
2.645988
4.709461
5.065615
7.192190
6.280353
4.452735
8.743638
10.801258
12.757946
17.935303
13.334828
16.532600
15.609875
14.936410
19.237753
23.009555
20.917477
21.825045
24.224148
23.042086
24.947105
29.650031
26.148224
26.004294
31.219613
32.733104
33.000839
32.643442
35.934058
29.663551
42.375543
41.205053
39.721235
38.527864
42.760409
42.490093
44.138695
44.016804
43.108821
45.301673
43.398886
46.692162
52.417122
50.566675
54.062741