50
4
5.000000 5.000000
3.235590
5.211409
0.952336
0.000000
2.479751
5.430648
4.066050
3.765263
3.838614
6.196564
7.048602
5.526559
10.131328
12.207670
14.533082
15.096090
15.759921
13.868128
19.135468
17.300744
21.047212
21.307240
19.231397
25.102579
24.129438
24.026889
29.329638
25.579514
29.374780
32.904615
32.965735
34.152806
28.842454
35.768403
38.469510
31.168267
41.766596
40.588138
39.867341
45.940157
47.508214
47.520285
45.807265
44.723932
43.930504
48.819231
50.188438
48.341402
50.254190
51.300094