50
4
5.000000 40.000000
39.357808
39.549770
37.373608
38.291813
35.502931
34.773808
33.031730
34.163766
30.786069
33.904357
29.542587
31.248128
33.249098
26.223230
26.686358
27.003720
28.919552
26.756177
23.311657
24.234632
21.960073
22.558630
24.691454
23.333051
26.055607
19.293088
21.454752
20.235888
21.616429
22.482594
21.898732
22.967461
23.774348
17.808906
21.833136
21.432216
22.985939
21.669711
25.529383
24.748612
24.721759
23.653777
24.804338
25.303529
26.171478
30.939403
30.769247
27.722483
30.455163
28.392637