50
4
5.000000 40.000000
41.205707
36.523285
39.329758
38.457120
36.106156
34.082616
36.257998
31.816201
34.085656
31.684073
29.935043
29.355038
27.668950
27.656817
29.481323
31.216252
29.953426
26.487525
24.499023
25.080996
23.670493
25.906414
19.815135
18.290453
22.087140
22.923597
19.547801
20.297637
20.377033
20.068994
15.442464
22.258220
19.184924
18.976368
24.518606
19.854156
20.426624
25.716155
26.728563
23.514737
24.092113
29.638069
29.067930
24.413292
27.086504
30.046755
30.452204
29.564267
30.972515
27.840705