50
4
40.000000 5.000000
36.135578
35.669638
33.665348
35.188021
27.416058
29.742960
28.957977
27.617333
24.638567
29.755088
33.211633
29.223019
29.351345
28.967537
25.735125
26.044308
26.811261
26.412481
24.967420
30.973772
26.361130
28.649645
28.167135
26.514799
31.328441
30.925530
25.406328
25.321781
31.775610
32.026761
28.882155
27.366342
33.177420
29.306157
33.148548
31.427805
34.641178
37.918089
36.302696
35.966631
36.307011
35.999318
38.276586
36.401232
40.466120
37.922246
44.125223
38.957111
40.860693
44.603322