50
4
5.000000 5.000000
5.231641
2.468559
3.417204
1.201116
1.218638
0.181810
1.657408
7.521796
4.018581
7.755693
4.796517
9.217165
11.428017
8.270895
13.945537
12.576209
11.282351
17.861152
12.870112
19.470618
19.578704
22.183174
23.951491
19.824602
22.169155
24.481006
26.508317
27.315853
32.858135
33.019665
28.263304
30.497127
32.184468
32.285596
35.245960
34.050270
35.358567
39.001208
42.613027
41.176356
43.031422
39.318897
50.668632
44.994715
45.697377
46.338357
46.905684
51.842259
53.253042
52.323751