50
4
40.000000 40.000000
55.944294
50.176696
49.610591
49.620133
45.549600
46.115257
45.786936
46.648856
45.226929
42.015425
41.266111
42.556368
41.853035
35.708848
36.606788
36.386541
31.987581
34.288348
33.452204
32.636811
29.754741
30.758135
34.026652
30.128493
24.836827
24.778983
22.019785
23.996494
22.684097
18.734510
20.375719
21.858847
21.213296
13.399342
12.052606
19.022841
16.348955
11.050320
9.071535
11.851314
8.590964
8.484835
6.984227
8.528821
5.312229
6.661887
4.086623
8.872643
6.507487
9.318834