50
4
5.000000 5.000000
3.616900
5.229720
2.391444
4.026765
1.786188
5.428462
1.450125
7.985847
6.563843
5.515807
6.438620
7.874173
13.030655
11.742127
10.087605
11.520088
13.864034
12.266844
14.972278
15.728740
20.938143
21.046482
21.587909
19.874130
25.714508
24.904731
26.887401
29.138513
30.239027
33.522276
30.951158
31.322843
27.096183
34.379069
33.974144
41.168447
38.546003
36.175458
41.178904
40.633722
50.609197
42.190689
45.576983
46.064293
48.642245
46.641048
48.886650
49.776119
52.791023
53.683806