50
4
40.000000 5.000000
36.816945
37.869134
32.726585
36.105796
34.513740
33.159851
31.080718
27.278364
26.786711
30.770472
25.984383
29.603307
25.745621
26.951522
30.605532
26.308881
24.007287
28.252157
27.770754
28.783537
28.252569
26.002208
27.814967
27.368564
28.015343
30.896510
31.852659
26.905967
24.248937
30.426666
28.702625
32.638581
32.018153
36.399910
30.856177
33.079754
31.148230
32.913692
32.497553
35.454609
36.514487
35.712236
39.423993
39.536542
40.776204
36.170991
39.528139
44.025935
41.916962
43.232658