50
4
5.000000 5.000000
6.052320
3.974528
1.772382
4.083644
3.993875
2.806979
3.605776
6.349719
4.547632
3.552882
6.688678
15.342140
9.383627
12.525335
10.944137
12.447174
15.366606
16.497787
19.405104
16.892825
19.000086
21.266308
23.156562
23.222564
22.934013
25.017206
27.372959
25.546036
29.582770
30.049587
32.272520
34.277091
33.176172
33.656335
35.867964
37.691072
42.811051
35.531861
39.765364
42.747060
42.928965
41.534035
41.326896
49.006860
48.481617
47.583688
48.897309
50.643536
51.039543
54.992789