50
4
40.000000 40.000000
51.871700
50.571348
53.405454
54.611578
46.503466
48.898677
46.677029
47.624309
45.861834
40.367007
39.227729
40.516161
38.455661
37.631239
36.564568
35.798886
34.856850
33.350840
32.937505
31.749323
31.301039
29.721566
26.124346
28.230760
29.236543
21.955806
23.900411
22.820007
22.405663
18.279272
20.514834
18.540706
19.511555
16.556285
11.806471
15.604411
12.799195
11.377617
10.500376
7.562824
9.390988
4.981153
8.823549
1.913347
10.772618
8.809716
9.353784
4.413441
9.186809
7.350186