50
4
40.000000 40.000000
55.586056
49.669019
50.412284
47.726766
50.064097
47.144778
48.291028
45.914295
44.924273
43.285203
39.435030
42.247823
38.962014
38.968945
36.660496
35.985673
34.957195
35.739973
34.590380
33.100376
31.613272
29.936969
22.962001
28.591363
24.413758
26.632366
23.836018
19.791813
21.028897
18.089508
19.782253
17.346109
20.940718
17.680521
15.208788
17.042903
14.220786
12.618607
16.843807
11.352210
11.640529
6.921992
7.637198
7.832911
7.953147
7.722009
10.963140
11.016715
7.943019
7.955475