50
4
5.000000 5.000000
1.607054
3.365537
3.844028
1.118774
2.536245
2.089928
3.230118
-2.117111
6.605614
4.690102
8.677636
9.502537
9.910693
12.398831
12.347189
14.354680
18.041914
18.193646
13.320984
15.302840
19.211359
20.478648
24.017839
22.645013
26.169028
23.443315
26.060587
28.463996
26.755812
28.139078
34.654753
33.850147
32.234726
34.808834
38.497053
34.396748
39.682079
37.758824
41.474546
41.330599
44.154187
47.014675
43.505953
45.808277
51.569730
51.777876
47.102776
50.725317
51.866793
54.618654