50
4
5.000000 40.000000
38.169573
36.385744
41.583434
33.628541
35.527925
39.268957
36.641431
31.935375
29.747630
31.401121
28.258857
31.272481
28.562675
29.109341
24.388580
24.227718
26.452074
25.056324
20.083219
28.562544
21.855213
20.652522
24.445207
23.243176
21.050118
24.087942
20.936184
23.394465
20.105015
21.646853
19.139844
21.327947
25.393144
22.069295
20.110115
20.928786
24.434527
25.997435
25.073767
22.191806
28.591307
24.538828
28.177925
27.176511
26.901037
29.879661
26.326687
32.626193
29.643298
30.709754