50
4
40.000000 40.000000
55.096799
51.819043
47.127565
51.350461
51.667479
48.680728
45.183609
43.695946
44.707662
45.347049
46.588958
38.651043
38.286001
40.149589
41.004424
40.093725
32.529258
33.908398
32.950930
28.906154
25.436672
33.622109
31.659631
27.954946
26.425768
23.990801
26.318290
24.323656
17.765648
17.237382
20.020394
18.865407
19.459693
14.739963
15.295750
15.482567
14.135630
14.083350
9.997000
8.179605
13.192002
9.988365
6.004700
8.401362
10.998641
10.019537
3.120419
9.877833
7.600375
9.960240