50
4
40.000000 40.000000
52.820187
52.834762
53.130732
51.685564
45.721925
45.523324
44.799410
40.366534
43.683214
41.940451
44.135125
38.930280
37.573040
37.255273
35.141019
38.109589
34.739620
35.725862
35.380616
32.746544
33.985515
25.712568
27.669945
27.774796
24.038525
23.450819
25.750028
24.347201
21.865819
19.738705
17.464294
18.923609
17.707275
17.082593
15.293735
13.661457
18.051891
9.726126
12.047438
9.120196
8.401705
9.707799
8.690124
3.564693
7.331262
12.177405
8.435563
7.869188
7.010180
8.542906