50
4
5.000000 5.000000
8.274140
1.245842
0.263897
0.000000
2.435033
0.934119
5.864675
4.212494
6.515619
6.238262
10.541506
8.230307
11.313650
13.865513
12.214702
12.869155
15.573066
17.960388
13.611724
20.094079
18.364719
16.490711
24.140900
23.827992
23.666196
25.935417
27.176773
28.115226
26.898861
35.768401
30.732989
31.313720
37.252322
34.689107
34.105961
34.471198
39.014898
38.788244
38.137008
42.361127
42.224588
41.812967
43.060626
45.104816
47.500773
55.450716
50.816305
48.769713
48.274561
53.508885