50
4
40.000000 5.000000
39.780903
37.732971
32.685195
35.228425
34.786632
33.928154
31.009850
33.217775
29.647770
24.835322
24.731111
29.685595
27.914294
27.061494
30.157656
27.422169
23.847313
27.210221
26.211121
27.630055
26.940435
27.044974
28.320464
25.495330
24.193388
28.218895
29.231179
25.800633
29.647375
31.754079
30.584365
31.223033
34.042996
35.165924
29.358295
32.675086
32.951172
36.757866
33.047631
35.159602
34.642785
37.734427
39.350907
37.051984
37.406738
40.840055
40.265149
36.844546
42.680650
43.627431