50
4
40.000000 5.000000
36.587084
34.697961
33.406917
35.682300
34.563061
36.207118
27.420051
33.613225
25.182139
29.024072
26.543281
29.157283
28.386749
29.285565
24.126616
28.564320
24.231361
26.962948
26.060514
29.640578
25.712745
27.133793
28.862108
30.765347
24.999399
26.303235
28.026038
30.925346
29.348915
26.270441
26.312815
30.569056
32.686531
31.220664
31.778011
32.180226
30.038874
36.735809
32.932140
37.543021
39.539979
38.382161
40.643061
36.918710
34.954730
38.962003
44.352825
42.143828
45.218709
43.396289