50
4
5.000000 40.000000
38.552537
38.309896
37.440454
35.965198
31.115064
33.139841
30.868331
31.940164
29.228522
33.694622
32.036006
29.112313
29.983292
26.678512
25.628608
28.919487
24.612524
26.455433
27.444610
23.128420
21.108618
24.164985
22.445080
20.712039
17.670527
19.261905
20.406532
19.030622
19.166155
21.464760
19.322154
23.266499
20.160484
22.788844
20.194816
23.097711
22.610091
24.585923
24.667931
21.461845
26.664290
25.648562
24.221340
28.648432
27.981679
32.862420
29.845532
30.886550
29.444087
32.798687