50
4
5.000000 40.000000
42.228526
36.323147
37.596049
37.344613
36.237547
38.457774
34.296274
33.954542
31.658936
33.161088
29.105162
29.491736
30.971855
24.817423
25.642623
27.149479
23.938438
23.779758
28.182137
21.644557
22.423602
20.066527
23.459248
21.685218
20.502523
21.190074
24.195919
17.226186
16.762416
23.481374
22.713658
17.763396
20.087825
20.024431
21.207821
21.658281
21.709692
22.622007
23.584831
24.151998
23.221442
23.140758
28.485065
27.546315
29.792577
25.158151
26.918019
31.430014
28.062181
32.872383