50
4
5.000000 40.000000
38.430337
37.942586
42.076708
37.913360
37.884431
33.334342
33.215991
33.977984
32.106143
31.695282
28.427045
31.381463
34.191343
25.478414
28.275683
26.265454
22.567999
25.090274
27.885430
27.220710
23.141236
22.501268
25.915401
21.614369
20.182001
22.036036
21.504945
24.070475
18.685692
22.373308
19.418240
23.183429
19.002525
20.120427
20.749793
26.013661
21.655731
23.024534
23.531952
24.612341
26.276022
24.389177
24.570909
26.311025
26.500674
28.689523
30.778617
30.184520
30.095144
37.657233