50
4
5.000000 40.000000
39.613728
36.198576
36.646771
35.214629
36.468978
41.914176
34.417152
29.235990
31.407719
32.288386
30.224321
30.115842
28.132038
28.350493
33.686116
24.515423
26.411478
24.763440
22.954364
27.209063
22.264537
24.350812
22.062850
24.222874
21.776036
17.873727
18.270761
18.035038
19.618588
20.147442
20.448391
19.589984
19.547308
23.718320
22.191735
24.891922
24.702807
22.717138
23.918264
21.452635
23.405695
20.959242
27.973385
28.228327
28.173592
26.857764
25.437920
29.985180
28.487758
34.948481