50
4
5.000000 5.000000
5.564552
2.231880
2.107375
3.568895
1.806014
2.000136
2.080208
6.453835
1.653456
11.860844
5.580209
10.501088
9.352594
8.273663
9.858028
12.085841
17.791286
18.130796
15.326160
18.558531
21.687758
18.566209
23.940788
19.794564
26.029067
25.576022
24.913294
25.584061
32.315819
31.950764
32.912579
32.218169
37.497546
37.489775
33.507739
43.877768
35.132923
39.022772
43.234023
39.429946
44.924312
44.321649
43.866658
44.408609
45.918753
49.044889
48.948672
48.817439
49.204493
54.307315