50
4
40.000000 5.000000
36.455707
32.666405
36.760311
32.347581
33.957724
32.043888
32.809706
27.554486
27.576747
33.105798
33.797927
27.052449
30.005610
27.746322
24.987471
27.125037
27.173823
28.713663
25.548620
28.841913
26.583960
25.060503
23.375586
29.714844
27.261070
31.243825
29.252100
31.913310
30.172827
28.154226
30.872430
35.426988
31.981624
26.497619
33.523053
27.607125
34.670764
34.603234
33.167800
34.333949
33.807960
35.180013
36.948460
37.416132
38.656695
39.772657
45.125736
38.578209
39.958579
45.438615