50
4
40.000000 40.000000
50.430047
51.651173
49.820600
49.359639
46.561692
44.066540
47.199740
47.121361
42.181337
47.095992
41.730446
37.538987
39.055854
41.960352
37.906589
36.096756
31.273564
35.008795
31.438325
32.346714
29.214471
29.475218
29.438245
25.245460
27.295874
21.783753
22.668117
23.568337
22.301670
15.628949
22.245249
23.151793
14.791783
19.264937
16.450527
16.477204
11.328066
9.718571
11.686136
8.901375
2.665304
7.119636
8.770775
4.998850
6.864669
6.510317
9.810345
2.601636
8.138367
5.252457