50
4
40.000000 40.000000
51.416158
52.416374
50.892850
50.919613
50.379640
48.339090
43.712192
43.759151
47.883723
40.505739
42.377763
41.298228
38.002258
37.530697
35.040016
32.363972
32.347765
32.882771
31.976564
28.119791
31.858261
29.284246
29.024707
29.206290
25.580682
26.048016
24.775214
20.082953
23.888385
21.850252
23.590445
17.214164
14.208824
18.249928
16.872692
14.656659
10.330815
11.686050
10.343822
11.334053
10.418556
10.249504
9.275379
9.323029
9.772957
7.638555
8.784803
5.337129
6.705239
7.329952