50
4
40.000000 40.000000
55.331733
52.330936
51.467798
49.066234
52.191252
48.169710
45.334286
43.773963
47.136071
43.130764
41.061332
42.112719
35.072994
33.967726
38.153149
35.024263
34.837794
37.764753
32.307618
31.456532
33.512352
27.436055
30.090400
26.230168
24.806241
24.766704
20.784444
22.219151
15.851196
17.351304
21.422396
16.828889
21.132733
17.052420
15.265570
12.784617
14.151153
9.023575
12.244957
14.654660
11.333304
6.833623
10.970084
6.336794
10.891876
10.081978
6.788755
10.029166
8.630286
7.301132