50
4
40.000000 5.000000
34.161446
38.679464
33.203800
33.916944
32.208099
30.449195
29.358063
31.020325
31.824175
28.176977
27.851395
27.062624
30.487035
29.262073
26.896866
27.214534
27.270910
27.808175
27.876960
30.237361
32.242484
24.711118
31.338233
26.157388
26.875831
26.701713
28.021367
25.630157
30.641871
32.902938
31.991574
26.199278
30.466357
34.667522
24.929812
30.157973
35.633841
31.873640
32.274844
35.567409
37.083262
40.594329
42.439068
39.097492
36.813387
35.938320
44.244718
40.377081
44.052921
43.401357