50
4
40.000000 5.000000
37.068862
35.362068
35.494510
35.104662
29.927295
35.584989
30.488132
32.740798
30.247245
30.399325
26.206787
30.991374
28.246682
28.736477
27.961664
29.867277
27.639724
31.557744
24.526835
29.651668
26.271052
24.247219
27.818274
31.920650
27.001849
26.895639
28.429143
29.751704
31.419177
28.644188
32.421726
31.569090
32.955386
27.768246
30.175525
35.436238
32.492266
33.503017
38.049251
34.360592
40.142505
35.100217
37.133612
32.846893
39.233812
40.897921
40.753012
40.770419
42.722208
39.926625