50
4
5.000000 40.000000
40.318258
39.675592
36.229319
32.316780
35.644542
36.159951
36.936840
33.188502
33.086836
28.932314
32.847032
30.571881
31.891734
30.210970
23.022073
27.548930
26.205567
28.288417
22.883267
25.720146
23.541170
24.000739
20.606652
22.331595
18.373108
22.441730
21.365402
25.025205
20.818246
22.228612
26.210575
22.032645
24.266169
22.789930
21.627016
19.393238
23.486180
21.920422
21.779042
25.765587
24.326448
27.349454
22.594876
29.806381
24.438333
29.354891
30.705608
32.590305
31.082986
31.953150