50
4
40.000000 5.000000
39.882784
33.388369
32.197588
36.529217
29.288645
32.025847
36.181701
33.153166
33.295302
29.310699
31.192256
26.166819
32.612832
29.946906
23.704913
30.783111
25.963136
26.967428
28.121459
30.941478
25.550880
25.876077
31.051281
27.157872
25.701721
28.996165
27.524082
28.446621
29.549774
29.802783
28.882752
28.953415
29.942972
33.162875
32.788833
30.486777
32.625539
34.211988
33.005210
38.302952
34.981669
37.413699
36.644884
38.718607
34.742385
40.527159
40.128614
40.518818
46.539515
43.126864