50
4
40.000000 40.000000
54.295489
56.521514
47.744150
51.398960
50.063737
46.905978
48.500372
44.070837
46.929578
44.835036
42.063436
41.310780
35.330938
37.069564
31.483951
33.439874
35.811655
34.979972
30.007919
30.820167
26.807312
25.572099
25.094594
28.696340
25.407004
22.348591
22.799626
23.879791
24.036005
21.651624
19.384323
19.262035
14.188965
15.340206
17.940532
15.042987
16.927412
9.037344
10.848015
11.070427
13.219316
10.667873
7.339632
8.426689
7.817056
7.587509
12.902102
8.842297
8.343950
8.298967