50
4
5.000000 5.000000
4.504709
1.441547
4.559324
4.330992
3.215615
5.397968
1.651847
9.205176
3.289027
2.433441
9.275250
9.677717
7.552783
11.018322
13.232664
14.683538
14.986373
16.368821
19.456128
17.058959
21.885137
20.507970
22.831009
20.632507
23.864647
28.134948
30.444656
28.195189
29.285125
32.869324
31.613264
35.133671
35.213572
36.984640
37.836350
36.321809
41.900767
39.550274
40.525235
39.409170
45.226105
41.261876
46.727664
47.994142
49.246077
47.281309
50.457265
51.144533
52.616344
53.015172