50
4
5.000000 5.000000
4.286260
3.650711
6.046628
7.147363
4.949991
3.902274
2.296692
3.898995
4.808119
10.468233
9.504518
10.209352
13.042985
11.201278
16.012278
10.663811
15.371856
17.692657
19.429862
15.938699
22.072297
21.655625
22.868211
25.088420
25.317612
27.028708
25.292846
23.650124
29.438800
28.501153
28.755134
33.225065
34.750257
31.624717
36.229475
33.645615
36.657251
38.561354
38.234115
40.531730
44.065171
43.949749
45.007355
41.056782
44.982110
49.792442
49.084359
49.233940
51.015753
53.928057