50
4
40.000000 40.000000
53.926138
50.426431
50.357347
47.045257
48.577492
46.086152
43.054265
42.558022
44.346805
40.187488
41.769576
41.371327
38.103913
38.920610
35.439530
34.801387
32.389049
34.349606
32.393433
29.400724
29.260033
28.909388
27.869439
30.666369
29.088656
18.178048
21.888171
21.437642
17.738968
16.947247
17.726649
16.721333
16.860292
16.902401
16.015057
10.180394
12.889536
12.305616
12.130321
10.141309
8.715303
11.936953
4.070712
7.289884
6.486151
10.246795
6.321734
11.725808
9.320660
10.068108