50
4
40.000000 5.000000
39.643144
36.978672
29.496577
32.282269
32.929626
33.843835
32.740572
32.746507
33.107883
26.585319
28.580805
30.310103
28.627525
25.515167
25.539203
30.262028
25.704362
25.213706
26.677455
26.128815
22.987450
30.169769
26.417418
27.238514
26.569735
26.905791
28.807193
28.007961
27.145664
28.772445
33.833527
36.712369
30.374298
31.457340
32.122919
31.075551
30.776384
35.324030
34.736827
31.274752
35.338082
39.419157
38.204658
37.268828
39.714612
37.682763
41.028813
42.761572
40.682286
45.598842