50
4
5.000000 40.000000
42.694931
42.061239
36.026014
37.209960
37.032005
33.438148
29.155731
30.550534
31.821465
33.939538
28.686856
29.420269
28.374276
26.004908
24.928574
24.688131
24.082542
26.781207
21.172056
24.017659
21.865731
25.077178
16.247697
25.778784
21.148769
24.258798
21.271997
20.626405
19.672757
19.883469
18.997590
19.948380
20.019675
24.009598
21.760878
22.674991
22.495427
26.504330
24.109899
24.533257
26.214814
30.279999
26.180030
26.955887
28.296663
29.842240
30.964613
29.049998
27.390797
31.228830