50
4
5.000000 40.000000
40.244159
42.163168
33.864734
38.444661
36.953211
36.258126
37.221085
34.755322
29.718456
32.246172
31.407280
31.546453
28.535736
28.496618
25.184882
26.975484
23.132091
28.332356
26.569151
24.011713
27.752751
21.902299
25.129497
22.328597
20.716164
20.709887
23.061235
18.749894
19.234716
20.817769
23.943576
21.076455
23.371896
23.218632
21.125248
23.130675
18.667459
24.264194
22.267807
24.796624
22.880819
24.967307
25.811021
26.177047
30.878062
25.678878
29.197046
30.767689
29.416035
32.260821