50
4
5.000000 40.000000
44.079764
34.514327
40.505348
36.625528
36.463307
40.007769
28.601520
33.240871
33.183944
35.366567
30.601898
32.094976
28.952391
25.024836
27.007046
25.767601
26.625905
26.070291
21.256737
20.421117
22.522178
21.813897
22.759292
18.320363
21.639557
23.171739
23.794035
24.225889
24.192865
21.230267
21.042722
23.138675
26.232073
20.005598
21.644155
24.618226
24.600133
22.428227
20.776426
20.821690
25.510464
22.665806
25.321729
24.530993
24.859319
25.555634
28.029852
27.248614
33.956302
28.447547