50
4
5.000000 5.000000
3.264516
3.649943
3.789456
0.669135
2.041566
1.020576
0.507041
2.555758
6.566868
6.094926
8.560489
5.484568
10.634853
12.444895
12.979906
12.095423
20.298751
17.631452
21.068787
20.800395
22.964898
27.021248
24.878598
22.470254
23.977569
26.399949
26.691213
21.774613
29.681023
32.515353
33.967737
35.819515
33.330192
33.036120
36.896963
36.190541
36.733919
40.453461
43.283453
41.203383
42.875830
43.736517
42.052979
44.458777
50.586386
49.954845
50.452910
47.195072
54.870640
52.385944