50
4
40.000000 5.000000
35.179679
38.192023
37.617166
35.329961
33.225216
32.975752
28.425088
31.001847
31.994079
28.661476
32.266709
27.273888
26.781295
27.840029
29.192513
27.893520
27.572067
29.293734
28.165066
27.817228
26.090030
24.067470
30.710323
26.422757
29.676324
31.823701
29.247572
29.793239
31.064162
31.440365
32.138402
34.722734
30.321217
30.340067
27.991186
30.088695
33.446834
36.086090
33.057720
38.644283
34.628463
35.928159
36.264271
35.963734
38.782210
40.690773
43.240759
37.241805
42.978369
46.140155