50
4
5.000000 5.000000
5.300344
4.823311
1.400874
-0.081727
5.020671
-0.928641
4.167588
6.186039
5.661469
10.321841
10.055771
7.757447
12.622916
11.954741
9.320759
14.724408
14.063548
17.553028
18.070947
16.522283
22.004666
25.402385
20.923839
23.991487
21.420157
25.974475
23.456201
29.369520
30.367890
27.746394
31.250877
31.669036
32.859319
31.879011
36.510487
33.684379
41.638210
37.298769
41.510339
41.360796
41.199915
41.446110
41.628325
44.467340
52.486119
49.222060
47.759104
51.724437
54.108949
52.675982