50
4
40.000000 40.000000
52.672264
53.049504
49.936183
48.564317
48.915763
45.452267
46.579291
44.421258
43.423121
42.987409
42.467628
43.258609
40.602843
39.014629
37.722685
37.278591
32.395106
34.117377
33.176542
29.653890
28.918397
29.442168
27.477390
27.244526
25.334336
25.718363
22.349046
25.356730
15.745868
21.568982
19.593616
16.942757
16.933366
17.565867
15.806688
14.090438
15.173674
12.605715
14.806529
9.849483
8.671667
11.451950
11.374633
10.575587
8.496698
8.217520
8.515474
5.502098
9.171027
6.147437