50
4
40.000000 40.000000
54.084134
50.349186
50.695262
52.611907
49.963705
48.331618
48.216220
47.990452
43.452078
43.022707
39.711030
40.848941
38.474811
37.200152
37.803489
33.825460
33.016619
31.226067
32.653444
34.676024
34.970979
23.890526
25.203887
29.049447
23.160939
26.990482
26.375355
24.748466
23.311972
21.259374
18.812226
17.753780
23.402084
15.952643
13.685402
14.583129
15.093523
17.326863
13.143958
11.988988
8.332680
8.363510
8.864699
11.272719
4.165629
8.674270
9.974953
4.032450
11.012628
12.883315