50
4
5.000000 40.000000
35.925747
37.238769
38.962255
37.602411
35.559482
37.636266
31.731767
29.323849
34.489744
26.153537
28.537170
29.869487
30.204923
29.023915
29.511958
27.325244
30.604512
25.649106
26.626089
25.586242
24.052662
22.178974
19.971016
23.215410
19.120462
19.776748
25.177212
15.386280
21.209848
23.015350
22.066556
23.679641
19.472043
18.945844
21.479440
18.223291
21.342113
24.019873
24.191165
21.420666
21.991083
31.612843
21.344590
30.148636
27.689423
28.639969
31.313993
27.614796
32.786923
33.013934