50
4
5.000000 5.000000
6.962513
6.260224
3.524801
2.713151
0.273232
3.206261
5.977706
0.361268
3.492859
1.977305
8.254034
8.152079
11.910226
10.183169
8.856805
14.887219
9.077575
16.228245
18.035129
18.234842
19.993878
23.435063
21.115444
20.619322
22.462221
24.816694
28.103067
26.017335
26.518199
30.612674
28.500929
34.385759
31.788972
33.369538
30.552794
38.053893
37.734584
39.190438
41.141110
41.421532
38.610653
45.046039
46.213998
49.318933
47.101268
46.398525
49.017981
47.939930
47.403831
52.075753