50
4
5.000000 5.000000
8.628295
3.228643
4.872920
2.359532
4.807136
0.000000
6.248032
5.223002
3.562033
2.248201
8.287498
9.269161
10.665946
13.430236
15.166771
13.988938
15.304898
11.746195
18.119524
19.668063
22.895632
21.386609
23.083153
21.966269
22.667485
26.285627
28.072827
26.869678
31.104133
26.425202
29.784752
32.643564
33.988725
36.813617
34.225428
38.047075
40.815067
39.608151
40.270426
44.121819
40.338310
46.484889
44.140119
47.559109
45.996844
48.888665
46.139751
50.247393
53.373276
51.325118