50
4
40.000000 40.000000
53.192458
51.104255
51.730957
50.912174
48.620640
46.754876
50.180439
47.605506
40.446978
42.860928
37.113570
42.040234
35.737498
40.193043
37.071924
35.230360
35.799004
34.800003
33.637200
31.826622
29.039328
27.516343
26.682395
27.512896
26.968394
24.160248
23.354672
19.811002
20.115284
17.377253
20.403991
17.698129
14.676541
17.351686
14.731182
15.815280
17.196568
13.857255
13.111053
9.749926
11.250465
13.449120
3.760415
10.809843
5.903444
5.534571
7.271157
11.952395
7.505239
4.883914