50
4
40.000000 5.000000
38.869349
38.685565
32.272987
32.872119
32.022862
32.399215
29.742839
27.883140
31.371121
29.824554
28.379762
29.880513
27.316897
26.479614
26.486081
28.586821
27.462965
28.872675
27.234418
22.914602
31.187898
29.819858
29.713029
28.058560
26.141856
30.020382
28.356418
23.803215
30.069033
30.804045
30.258741
31.915080
32.415830
33.619283
31.316212
32.401694
33.731433
34.869344
30.837226
31.908271
40.732449
36.385048
37.060384
42.203574
40.264407
39.913360
38.821905
38.865546
43.202036
41.000325