50
4
40.000000 5.000000
34.366976
31.983926
32.018786
35.201018
34.059171
30.919633
28.805648
31.824143
31.529612
26.553547
30.674746
28.075873
30.403915
29.261277
26.060779
28.249970
30.117483
25.502204
27.287169
28.071662
23.665657
28.512435
26.322642
25.829342
26.628207
31.416963
30.004679
29.500790
29.199527
27.874792
32.723142
27.599434
35.766295
27.731803
31.052838
34.455648
30.040917
32.765783
36.081910
33.651430
36.834490
35.467946
37.319993
37.844257
41.861992
38.809952
41.642431
39.222684
38.799450
44.555243