50
4
40.000000 5.000000
34.613796
35.056840
35.475341
33.185037
33.819853
32.814555
30.848111
25.878800
28.822909
33.344974
29.569559
28.838924
30.043369
30.086122
28.650819
28.270410
23.363851
23.829753
25.269558
25.947738
25.888139
29.603437
31.900064
27.974992
29.557050
29.648782
34.160726
26.449157
30.080117
30.877803
31.849138
30.151145
30.296747
27.725694
32.308772
26.722569
36.394176
36.143282
28.992209
37.074910
36.181291
36.631886
41.214633
35.548511
38.292549
40.549759
42.433647
44.660799
44.554379
45.184314