50
4
40.000000 40.000000
52.907515
55.570660
50.721911
48.458529
48.015349
44.212319
49.345797
46.597245
46.518070
42.309440
38.241971
44.982842
36.828814
40.057054
37.791705
36.617117
35.651891
33.953504
32.730561
32.634242
31.115673
28.476082
31.337634
22.882483
26.509805
24.210538
25.618817
22.374096
19.355109
20.279137
18.995513
22.817786
15.338516
14.466052
15.045281
13.628933
18.943894
12.663270
10.679918
8.610403
13.037200
12.140476
8.479258
5.501689
5.588323
7.900841
4.755979
9.761163
7.215976
8.794634