50
4
40.000000 5.000000
35.072018
36.695242
35.442323
33.152670
32.095929
32.669170
31.811300
30.142146
32.322018
27.781093
30.930169
25.394529
26.343186
30.152843
25.400658
29.459338
27.412507
28.718721
30.712299
25.388604
28.769529
30.007747
33.908923
29.368533
28.490085
33.043816
28.035186
30.650185
25.358857
29.271342
28.597677
31.712941
30.859849
36.654069
37.828096
32.162168
34.012706
35.415067
33.570103
38.040402
35.063768
38.540577
37.302341
37.852212
39.748699
38.073880
44.072543
45.170746
42.810971
43.166781