50
4
40.000000 40.000000
51.182955
54.053279
51.903078
47.232674
50.922148
51.566148
45.062065
44.164880
42.183308
41.232436
40.764295
38.302884
39.278409
40.505083
38.571413
38.817732
31.322736
33.112932
32.061190
31.343404
27.852819
26.401962
29.069461
27.013655
28.465029
25.671898
21.980881
22.592404
19.184204
19.281650
20.072081
16.217716
14.490873
14.960006
15.929261
14.615908
14.637126
11.318254
11.504877
12.384672
7.303005
7.327438
9.253341
10.165615
9.708806
7.572524
7.749930
9.528888
9.125543
10.810151