50
4
40.000000 40.000000
53.939417
48.858611
52.407301
49.648103
48.054415
50.690030
42.410427
49.502560
43.040790
42.858143
42.668718
41.088958
41.114350
41.492652
36.121501
33.944918
33.499811
32.486088
36.416334
31.246002
29.734962
28.201832
29.851625
25.259932
28.123175
25.525639
24.995408
31.113871
23.577636
20.281635
19.382972
17.440812
15.774525
15.484536
14.619116
16.894250
13.082786
8.686546
7.003431
10.261192
10.004114
7.108116
7.419172
5.896919
6.333834
8.773772
9.246978
9.580928
4.843099
8.655251