50
4
40.000000 40.000000
52.601207
51.119844
54.929363
50.522385
50.643240
43.693666
45.955843
45.108135
43.951011
43.011215
44.242698
36.578753
38.333513
38.869587
36.413801
35.992174
37.285503
33.535149
32.642226
30.257151
30.502273
33.487014
24.423686
24.293252
24.330144
23.720424
27.301052
23.694620
19.515713
18.323749
21.301937
18.998717
15.835396
15.798400
15.723914
14.215420
14.237931
12.766508
10.297403
11.334435
12.754532
8.114196
6.528958
8.340856
6.870265
8.348768
9.234494
8.096562
5.333643
9.819953