50
4
5.000000 5.000000
5.178304
4.072854
4.443856
0.108966
2.267488
5.582222
2.842319
5.828719
7.342133
8.376056
12.000375
6.182854
7.271680
12.076478
11.063208
9.881851
15.574818
13.697756
12.729996
14.121190
24.416901
14.877097
21.817791
20.941364
25.764939
25.498111
26.410361
28.009085
32.504169
29.357389
29.512459
33.236546
35.717390
32.967708
36.325964
39.101290
36.218167
33.013923
39.213075
40.364554
43.469334
46.629025
42.182953
47.549999
46.836696
51.041723
53.810546
54.174568
50.733818
53.504150