50
4
5.000000 5.000000
9.552958
3.377695
3.403960
2.876694
0.606616
4.413006
2.251986
4.356851
7.183269
7.101888
6.306829
10.696561
8.537261
12.110760
14.464646
10.097064
15.962817
20.102183
18.696180
16.617156
21.291660
21.404650
20.311014
23.503705
23.565125
27.251134
26.448527
31.132945
28.803654
33.882833
35.489616
34.899405
35.489494
37.768435
36.638290
38.155265
36.206894
39.877036
39.936202
42.441820
43.660200
44.130497
44.279984
44.395518
50.619969
52.710318
47.959529
52.013053
50.821618
52.687011