50
4
5.000000 40.000000
44.228321
35.212804
36.602344
35.038395
35.893199
38.006674
33.369189
29.351256
31.631573
31.455643
29.172005
27.305933
28.645927
26.447705
26.961174
27.814557
25.547019
26.207509
24.438224
24.030297
24.639262
24.591902
22.769940
23.729455
21.457230
22.657985
20.141484
24.526140
20.262217
18.099294
22.299970
22.218787
20.159523
20.814817
23.310546
18.360238
21.200034
23.545010
24.995713
22.527054
23.912506
25.561394
26.985262
29.734646
28.775131
30.621623
30.146922
26.990469
32.104772
31.308623