50
4
5.000000 5.000000
5.093212
3.328772
2.604224
2.542852
2.255774
2.157042
7.764929
3.831232
2.870559
5.189698
10.028963
9.874532
9.640288
13.870136
11.954203
14.776299
18.105265
17.905450
11.485188
16.171015
19.063809
16.896606
21.912923
24.349319
24.745509
28.059063
27.212355
25.782207
27.285693
32.195470
32.896582
27.107188
33.452599
37.777800
29.782277
32.751506
35.151920
41.929382
41.108333
40.516789
43.446335
48.363943
43.514738
43.998701
46.644580
46.882774
49.108239
51.307334
50.471466
51.496239