50
4
40.000000 40.000000
53.900604
55.226539
48.639893
49.382656
48.222633
52.096045
44.113088
42.462414
44.570593
38.253999
41.245433
37.953057
40.788456
34.797905
36.201774
38.698474
33.579933
29.432393
30.951243
33.422936
28.964834
32.627241
30.356475
27.475143
26.992426
29.540428
24.317470
23.731621
21.510260
22.587559
15.087667
19.049859
12.685980
17.455934
18.231976
12.790296
16.336448
14.532491
12.609707
11.573518
7.272290
10.962847
9.535540
7.142354
8.502308
8.336047
12.018547
9.292183
7.742245
8.185756