50
4
5.000000 5.000000
8.515115
3.625644
3.124247
1.543739
3.714105
3.722489
3.641058
2.962086
7.565566
6.108852
6.623340
12.851532
6.315367
13.100773
14.230214
14.998454
17.149934
12.634933
19.518848
14.574660
14.743893
20.430092
21.972884
24.512664
22.393077
27.248395
24.189746
26.834338
27.745361
31.606565
28.672401
28.247911
31.859866
33.761431
33.394128
36.548028
39.159427
40.123432
42.351574
40.461689
40.367577
45.394229
49.082170
43.322846
48.958565
48.273180
49.672696
48.404069
53.151399
53.961149