50
4
40.000000 5.000000
33.498177
38.483686
36.335747
34.180370
32.060018
26.400754
29.723065
31.575214
30.557012
27.347861
29.268915
28.073659
29.541922
26.518365
31.553088
28.681254
27.475030
24.540721
26.978660
28.160376
29.087264
28.889825
27.481753
27.021562
27.242318
28.840138
30.826714
29.121502
27.235753
30.359826
29.194306
30.861978
28.194115
30.586759
29.785567
34.558997
30.825108
35.028049
32.891916
32.040143
33.372459
37.426205
40.132164
35.171265
37.460079
39.765445
42.244083
41.511173
40.888293
42.690512