50
4
5.000000 5.000000
6.268840
2.515188
2.547914
1.434200
2.491959
1.082656
3.582471
3.111337
5.864335
7.891704
7.217976
5.278263
10.840931
9.820043
13.844983
17.222382
18.468523
16.856012
20.718979
14.979717
20.667244
21.536462
25.866345
24.215335
26.383666
24.246097
27.254729
26.124818
26.087407
29.337962
33.709014
29.942600
32.226292
34.237659
33.975545
38.735471
39.946866
38.201688
43.141899
43.150885
47.431273
41.535692
42.535051
43.726567
46.129088
50.504412
47.620928
52.330896
56.967543
52.571257