50
4
5.000000 40.000000
36.052705
41.124705
37.217860
37.208256
35.196634
31.386811
32.067814
35.069313
29.121582
31.902297
34.390249
29.970452
30.741076
26.640436
25.769985
28.295491
24.168133
26.779575
25.415536
25.409996
22.747506
21.925046
22.185814
21.760330
20.443021
24.311383
19.017237
21.935948
22.525051
17.734864
19.992080
20.411427
22.166727
20.337648
20.971127
20.450504
21.822656
21.320011
23.362128
27.300765
22.945214
23.363584
26.656193
28.795068
26.689346
26.552535
27.347053
33.532765
29.465594
36.864500