50
4
5.000000 5.000000
5.372551
4.256696
4.611960
4.610409
2.346001
-2.784600
5.489460
2.501742
-0.411390
7.727021
7.265163
9.708823
9.169481
11.602873
10.858230
16.971515
15.417909
19.892476
15.392648
14.484223
17.323300
23.748228
23.228724
22.896103
25.750156
27.036768
21.659853
34.159354
30.972115
33.575430
34.817334
33.374761
33.278130
30.705136
35.410780
35.467708
38.818919
39.540539
46.453053
36.998977
44.889900
43.460757
45.310594
45.895981
48.636009
49.788309
49.988286
51.484044
53.000836
57.845377