50
4
5.000000 5.000000
3.151336
2.765081
-1.350481
2.427500
1.607680
3.102761
2.631186
4.608970
4.351000
7.834754
2.713535
8.345670
14.188095
12.560294
13.019634
13.496501
12.143903
17.350563
18.521693
16.849206
22.038514
20.033564
21.575899
20.137779
26.086521
22.686589
29.777819
27.291017
28.071063
31.309472
33.445933
35.800362
31.407758
37.301230
33.907196
35.777166
35.617330
37.861086
41.162666
42.587655
41.365616
44.246990
46.654179
48.618430
45.580324
47.657137
49.758955
50.830899
51.299578
51.415171