50
4
5.000000 5.000000
7.775379
3.072350
4.064889
-0.171967
-0.440479
1.625723
8.044488
5.793795
3.585665
5.704201
7.172606
9.111702
13.923796
13.482130
14.734316
14.075123
15.912404
17.126357
22.231701
21.848506
19.987696
22.063161
22.007124
19.112516
24.230600
23.293018
22.419453
29.902789
26.587598
33.774887
37.664239
34.772857
34.995613
35.578994
34.946541
36.835239
39.074725
39.221111
39.601490
41.116413
37.962323
40.138336
46.685576
47.233341
47.494629
45.698280
51.423577
50.014722
52.097271
51.436892