50
4
5.000000 40.000000
39.124708
40.948139
42.053721
37.084102
38.194756
32.895832
34.017035
32.701046
28.618301
30.088292
29.065656
31.384050
32.518930
28.923210
26.882770
25.614694
24.632534
25.540318
24.591130
26.070865
22.364040
24.297951
23.806126
22.009555
20.797885
25.110433
21.296139
20.122685
22.244736
20.139939
22.188227
20.815268
23.705631
22.220086
22.067932
19.949070
18.674884
24.973541
21.609109
24.844165
24.823496
25.537477
25.939545
31.173141
29.558779
30.116920
35.345476
28.428105
26.223162
34.968361