50
4
5.000000 5.000000
4.285715
1.902813
5.392324
3.173422
4.051262
0.000000
1.957186
7.259433
2.424301
11.471172
6.151499
10.904525
10.891006
12.670461
12.012713
12.369184
15.711951
13.503491
15.826052
17.203150
19.820890
18.377580
19.047129
22.901234
25.264485
23.846093
25.923178
28.392007
23.077584
30.540077
34.895122
33.724010
34.523775
36.213832
36.409262
37.596061
35.897505
37.467044
43.174201
42.225083
44.006084
48.718007
42.696120
45.132899
49.245575
47.314664
48.544019
48.864695
51.894423
52.693464