50
4
40.000000 40.000000
54.410247
57.317627
51.996735
52.086877
47.216638
48.047031
51.348847
48.062618
46.448651
43.593582
42.345564
43.103375
35.215732
39.035994
36.024978
36.167436
39.659370
34.008483
35.019382
31.918642
31.442225
28.019882
29.034400
24.626283
23.380043
27.341778
21.445328
20.184884
21.523306
18.721957
19.164474
17.598749
14.885995
15.986918
15.363220
13.523552
15.886554
9.593022
10.452443
12.399307
12.468819
9.294262
13.148384
5.774105
8.576453
9.232113
1.302514
11.169536
8.540567
6.998789