50
4
5.000000 5.000000
1.633651
2.353703
8.576934
3.633914
2.717205
1.255314
0.000000
6.397318
4.425034
2.491520
6.659814
10.719652
11.784490
13.682310
13.079406
13.209883
16.686532
17.589413
14.140821
20.135217
21.607533
23.449146
22.744734
22.454908
25.497366
23.884110
25.623876
25.814445
32.335195
32.249709
28.184883
31.729233
38.693179
34.228857
39.069519
29.997002
37.792831
42.629820
38.359120
40.757763
45.959079
44.326839
41.856756
47.699389
50.368639
45.574256
49.094799
55.163110
53.604530
53.813147