50
4
5.000000 40.000000
38.865624
39.719190
34.926015
37.602326
36.898168
39.646531
32.012157
31.126142
29.264504
29.768232
34.532196
27.139761
28.769060
27.493713
29.546242
27.988899
25.175943
25.049219
23.397329
24.286477
22.782131
22.619138
25.284568
21.361786
18.605680
19.961689
24.928771
21.033230
18.065386
20.547531
19.852336
19.941411
21.366955
20.486375
19.978268
26.864965
25.690334
25.278841
21.738807
22.040052
19.608260
24.583803
26.824575
28.897180
22.706229
30.706928
29.198465
28.749082
32.307195
32.499012