50
4
40.000000 40.000000
54.513408
49.925935
49.763433
50.551638
49.420903
52.500877
43.050938
45.979122
44.510150
43.989403
43.648249
38.694730
34.579771
36.495822
36.331802
34.097134
32.492390
35.898539
32.134638
29.685644
32.380069
28.350611
28.206250
24.711053
26.006024
21.651632
27.965567
20.123869
21.948187
19.733085
17.899434
18.870457
17.020037
13.850438
14.373099
12.347124
13.540650
12.356824
15.423004
11.477742
9.084899
7.868348
11.536516
4.988141
4.130790
4.537193
6.132764
11.709237
8.296795
5.902638