50
4
5.000000 40.000000
37.637118
36.064798
34.464745
38.820194
33.919329
31.903101
34.218666
36.141519
30.278737
29.693812
30.484078
30.318264
28.090113
25.447894
26.414754
24.832991
28.867586
28.022334
21.671243
24.189642
20.437466
20.962734
20.765829
22.341731
21.906491
19.041104
21.155178
25.651820
19.474102
19.074015
24.700002
19.399144
21.496696
22.061448
24.278668
22.580771
20.606355
24.147067
22.854842
25.718686
28.253749
22.087582
26.313630
27.729346
26.889735
28.760385
28.958834
30.207361
30.467617
31.997922