50
4
5.000000 5.000000
1.362826
3.585912
2.221406
1.547999
0.000000
5.870486
4.657022
6.723399
4.802548
6.127208
5.350529
9.693997
12.740836
14.309364
12.228313
17.920005
16.484906
19.266597
17.436380
20.777609
20.269157
20.101642
25.131317
22.240008
23.317666
25.341057
28.652030
26.522429
32.370682
31.278323
27.326206
31.234836
32.232161
36.275454
34.484693
37.722061
38.893471
37.048656
41.855717
43.050325
42.756396
46.354594
48.551917
48.946734
48.976537
44.199760
51.050219
49.379075
56.462996
50.310925