50
4
5.000000 40.000000
39.835084
34.824987
36.479608
38.085708
37.276620
37.735853
37.556301
32.611503
34.142007
34.108392
29.848220
30.618963
31.943251
25.322245
26.582060
26.008616
24.898097
29.869646
21.988044
22.357296
22.037751
21.558845
19.993074
19.850501
17.398137
19.827427
18.337613
19.990469
20.811594
20.586540
20.368276
16.797923
19.893820
20.955246
21.448318
23.739701
24.248630
22.786215
19.472736
20.990570
20.055497
29.580001
25.495787
27.606102
30.606371
27.406198
32.497626
25.550424
33.742836
30.204204