50
4
5.000000 40.000000
35.107940
42.155403
38.064076
38.105973
36.204627
35.275782
35.750976
35.397699
32.914206
31.935722
30.831026
29.119327
30.131055
29.356166
25.752668
24.299662
23.415232
24.918858
24.338325
22.369106
25.264465
23.751291
20.100283
21.525183
19.434714
19.973076
20.260516
20.750554
24.483774
22.964398
22.795514
16.056740
22.309782
25.844294
23.286911
20.834093
21.375538
19.321022
23.842048
20.680546
26.535472
27.219364
25.627442
24.211753
25.411376
25.920390
28.492597
28.697591
30.475142
26.852423