50
4
5.000000 5.000000
2.309869
3.908031
1.137027
2.759295
3.648506
7.588683
2.773822
4.257263
3.714683
7.691918
8.117379
11.304528
12.540323
10.062843
9.611367
12.589862
12.363453
15.933048
17.283355
24.475249
19.933587
19.805140
21.835240
26.873796
26.779375
25.367120
24.047390
30.577997
29.769738
30.671259
29.466937
31.117783
35.268459
38.669441
34.892626
33.048679
38.178066
38.863727
41.644501
42.297775
41.209062
48.573410
41.609657
47.469514
46.926383
50.834403
49.243044
51.767386
51.411657
51.969702