50
4
5.000000 5.000000
2.540086
4.058345
2.972797
-1.191402
0.063689
1.308167
3.714843
4.811084
4.961412
9.278335
11.337372
9.774597
8.171208
13.001382
14.294982
12.285650
13.447540
12.585681
18.071973
18.037588
18.763564
21.516702
20.539530
20.182257
27.056299
28.021239
21.706974
28.942660
26.110174
32.254284
31.781959
37.447503
35.284197
36.187213
33.613464
41.326562
36.587698
39.000579
38.049991
40.148918
46.225783
44.071792
47.157428
47.265269
43.292965
47.102527
47.999527
47.543390
48.146732
52.467485