50
4
40.000000 40.000000
54.728344
51.720842
50.900277
49.652277
48.971919
47.525929
44.351955
46.380538
47.306174
39.769407
42.482674
42.565289
39.537770
42.524677
42.472862
37.011697
34.518298
34.723502
35.313456
32.647500
31.371454
25.677195
25.694885
27.659891
27.914476
26.098123
23.111229
25.443732
21.394793
20.323638
19.720806
18.518865
19.773524
18.144505
16.014438
12.326037
15.211821
20.267042
11.958024
11.215752
12.081230
10.819797
8.317834
9.510614
7.395983
5.676866
7.357780
6.946908
7.127460
13.007209