50
4
5.000000 5.000000
4.799606
1.713023
5.595926
1.914503
1.717112
2.425815
6.039772
8.683153
4.142582
8.499794
8.748263
6.412486
7.606946
9.489781
15.650958
15.230627
11.975598
17.440462
17.665475
22.005062
25.192129
16.509825
25.109190
23.162686
26.009491
25.555846
29.399427
30.871797
24.258840
30.695362
27.311921
33.526415
34.403934
34.573746
35.281036
39.426244
37.280264
39.085553
41.279850
42.239657
38.787759
39.632563
46.704858
43.342900
46.123599
49.406088
51.184835
51.762809
51.932086
52.313554