50
4
40.000000 5.000000
36.985549
35.670178
35.122394
30.928890
33.705744
30.857325
33.715135
30.440339
29.390634
32.354362
31.404568
28.361615
26.645789
28.369996
26.672829
30.350965
26.889327
25.659418
25.473118
29.143836
28.323426
28.101575
31.834794
29.191627
26.751609
26.659006
26.934042
30.256014
25.805231
30.588209
28.477855
29.700169
32.809771
30.457488
35.510323
30.400202
34.177888
37.291318
32.912173
30.536888
38.686007
37.509549
35.855421
41.822978
41.144137
37.399377
37.536608
37.699771
42.238743
41.731809