50
4
5.000000 5.000000
1.586528
5.304645
4.792079
3.160523
5.582260
6.542129
1.791753
7.593377
3.891932
6.932047
7.354705
4.086809
11.471436
11.770926
7.931538
14.766195
15.463288
12.143285
20.661721
17.802898
19.742277
23.267329
22.029149
25.089401
27.352489
24.833224
26.178254
31.915109
31.860438
28.492749
33.257142
31.496143
31.572130
35.480813
36.115926
38.062663
39.647532
40.948956
39.608165
40.889704
44.847063
43.367910
42.144756
45.200962
46.468374
46.871126
50.700351
51.486845
52.518271
49.915747