50
4
40.000000 40.000000
55.583508
49.209962
54.120071
52.454900
52.263648
49.625849
47.639728
45.913978
46.298667
43.325222
44.115392
39.822306
44.076802
39.072292
33.114689
33.865048
33.239595
32.081438
30.063671
35.103508
29.438636
28.669742
24.836818
29.957701
25.545134
25.238713
21.507024
19.405880
21.749681
18.922037
22.801279
20.170467
17.349813
16.969136
13.398116
12.230342
10.601270
15.107888
11.563822
11.390975
10.572241
6.315282
8.403832
9.140621
9.738906
9.483105
8.045105
8.971762
8.635873
9.756174