50
4
5.000000 40.000000
39.064087
41.161874
38.455941
37.427600
32.600253
31.100883
31.709439
32.389391
31.022459
31.830155
30.438997
26.595008
26.859009
27.160637
26.362645
27.364894
24.659800
23.872465
20.079647
22.991678
22.265815
26.401093
20.611197
23.919305
21.237658
21.216789
24.134211
23.227478
21.822199
19.821401
19.391036
22.980206
20.177821
21.732362
21.453079
18.750182
18.359183
20.705476
21.656919
21.375645
29.953672
25.331641
25.667565
25.260157
29.860235
29.493338
26.604640
29.314751
30.678969
34.171256