50
4
40.000000 5.000000
36.639285
34.274521
37.880371
35.531051
31.928711
31.375727
33.713402
31.089192
29.038483
29.290827
26.036615
24.830482
24.689340
23.907188
31.631588
25.359704
24.287569
27.003207
23.733276
28.696895
21.524030
32.876241
27.971050
29.842598
24.043493
31.176330
25.056813
30.946590
27.765080
31.636097
30.433238
33.529702
30.865380
30.472917
34.360110
30.563615
32.069779
32.759082
34.469453
29.441278
37.750846
32.842367
35.416789
36.935262
37.893815
38.667035
45.469469
41.875755
45.171281
40.005170