50
4
40.000000 40.000000
51.558023
52.834581
48.672973
48.853094
47.026903
46.566943
39.665076
43.779229
45.015780
39.149472
40.641340
37.120800
39.951872
38.982919
36.003951
38.808639
32.284336
31.479787
33.797475
27.569958
30.794157
30.547645
26.237452
29.261415
28.868480
24.579498
23.671780
27.750444
24.536392
16.299980
23.239098
19.708450
17.533716
16.891123
16.439779
18.292266
9.466930
13.051868
14.166268
9.542131
11.917062
8.324041
5.632338
7.806463
10.853536
7.455113
5.851143
5.451455
5.759430
9.596149