50
4
40.000000 40.000000
55.810641
46.162831
51.365166
48.309635
49.522344
48.875243
46.978032
43.944269
45.657727
42.464673
40.397462
38.919842
37.221434
37.466945
37.689617
35.802573
37.378320
28.789908
32.642456
30.388343
27.969846
28.629257
26.827037
27.958102
21.027496
24.887462
26.391434
18.386969
23.616852
19.023673
18.475385
17.607081
17.474418
15.771711
12.823854
12.502694
15.818977
14.414375
14.135827
8.315359
10.612940
10.490124
8.498391
8.471612
10.056566
10.981922
3.367256
11.403880
7.555362
4.184424