50
4
5.000000 5.000000
7.376250
0.535358
7.085514
7.412210
5.327467
2.337726
3.861050
10.472696
5.248647
6.029696
10.830394
10.460141
12.271106
8.108458
12.556575
15.699951
12.492309
16.622377
13.876232
19.516730
18.649837
22.790655
22.394266
28.312499
23.493173
26.561142
24.363121
29.478766
29.152581
30.905368
30.731401
35.194224
32.304596
34.623065
33.057550
38.387527
35.420151
34.769948
45.047503
43.943747
43.711011
46.981238
44.077043
44.716155
44.871933
47.700660
50.924952
52.252808
47.952345
49.218815