50
4
5.000000 5.000000
4.799768
1.728547
5.364366
0.406674
1.351412
3.247068
4.323068
2.690893
7.822113
7.313178
4.229312
10.372275
11.644168
11.436282
12.269589
19.194354
12.825214
19.766860
16.859117
17.790912
21.995003
20.335509
25.245843
23.744559
22.599077
26.578415
26.293363
24.807079
29.286336
28.626822
30.918191
31.615304
34.727179
36.080002
35.736373
39.057729
38.017891
39.155230
39.686269
43.875560
43.144483
42.116597
43.506631
47.938901
47.658684
48.339663
43.616321
50.132804
53.239669
55.212277