50
4
5.000000 5.000000
3.272813
3.433815
5.745205
5.535006
3.683215
1.267179
5.314716
7.218472
4.581192
8.913569
7.906392
8.296157
10.525951
11.857308
11.677706
13.882407
9.293577
17.266858
16.122908
19.048362
19.497985
19.981665
23.589507
22.499156
23.559625
24.272038
29.738718
28.437151
30.116959
31.862364
31.541069
32.911813
31.603783
37.978042
33.349704
40.434897
39.536128
41.955141
38.753608
39.479770
40.050511
43.803692
44.875073
45.525067
49.212054
45.644341
46.521326
52.939519
49.691286
52.067045