50
4
40.000000 40.000000
53.821300
52.894587
51.635240
51.564617
46.795146
51.923439
45.228239
44.742786
41.411700
42.110622
41.716827
42.388965
42.699513
36.927796
37.862353
38.012128
36.210315
32.282037
33.152652
29.578210
30.762202
27.623909
31.457555
25.456815
27.693734
24.067283
22.503410
19.353220
18.913235
20.572408
21.516390
17.592972
19.665536
16.256535
14.967494
15.625589
12.968977
13.530695
8.158879
11.369811
10.148385
11.730632
4.933480
9.328887
7.781903
5.918207
9.403335
9.571051
5.738016
9.003371