50
4
5.000000 5.000000
5.153443
3.705931
2.980082
0.000000
0.630727
2.632821
4.532119
6.189676
3.208995
4.802057
11.560502
11.016429
10.695291
10.519984
10.843017
14.717747
12.161616
18.221578
16.236076
17.374386
17.384672
21.151395
23.358427
24.777780
24.334308
25.881040
25.697494
27.749654
30.914285
32.184659
31.836278
36.014787
32.623866
35.260094
34.265088
35.884751
37.680113
37.282839
37.986015
41.301906
47.857696
42.357341
42.812100
46.094677
47.246111
47.679675
47.918349
48.851316
48.602848
53.567886