50
4
5.000000 40.000000
37.113417
42.765217
38.384715
36.124720
35.350354
35.044626
35.747732
34.370328
34.046209
30.794116
27.483452
31.115928
26.751237
28.422739
25.462102
26.140965
26.023375
23.552710
20.989040
24.173860
23.584632
26.190466
23.110055
19.502283
18.983822
17.430412
19.378976
22.008724
20.702545
20.398453
20.989454
21.096307
21.436909
21.423150
22.535041
16.972904
22.748628
23.133811
21.829156
23.788795
27.333095
26.200160
26.881572
27.622135
23.808465
29.582857
27.192364
28.243688
27.298951
31.032488