50
4
40.000000 5.000000
33.131380
35.888790
34.843347
33.038676
29.220762
31.842063
29.177228
30.044002
31.211380
28.850663
32.020347
26.958777
23.376163
31.217685
25.743015
25.948130
26.640655
27.895378
26.078115
26.065274
29.110498
22.529950
24.648291
28.744599
29.093785
28.885150
28.085098
25.931754
29.329280
26.923611
27.811406
28.879566
33.714451
31.833567
29.585281
33.662202
33.279610
32.477023
33.511145
36.885689
32.989348
36.080453
39.845342
40.878887
40.036460
37.704234
43.393348
43.816761
41.788041
44.171395