50
4
5.000000 5.000000
5.617555
5.144878
2.984595
2.844607
1.841249
3.203654
3.264604
3.279633
8.871396
11.960045
3.364780
4.601586
13.118592
13.845957
14.367457
14.173909
16.802106
13.736604
11.646529
17.979478
18.690730
20.594460
21.590669
18.837794
25.381815
26.286185
25.074862
25.814806
29.813067
32.713849
33.559497
38.120483
32.250469
37.549820
37.359310
36.925881
35.266006
39.749489
40.667721
41.653740
47.212565
43.846875
43.431381
47.059542
47.444128
46.635588
52.298323
48.705109
54.181585
49.371341