50
4
40.000000 5.000000
33.408391
35.402303
32.513566
35.239861
30.935575
32.641165
33.461226
29.459027
28.072249
32.939684
31.085158
27.482940
26.740637
26.291585
26.395759
26.572588
27.169904
26.182627
27.097257
28.198555
30.082220
26.302364
26.617104
26.615287
25.481064
29.070505
27.387366
27.930670
27.158376
33.000144
29.197216
34.018799
33.823601
29.576999
31.190112
32.813241
33.481101
36.266662
36.654389
36.271045
37.442655
35.831229
38.738599
39.610769
38.943628
37.288620
43.392404
42.708947
42.179297
40.618152