50
4
40.000000 5.000000
39.803307
37.324621
37.153700
29.336586
34.750617
30.577968
29.930118
29.655357
33.303434
25.756686
24.938938
30.355695
28.570496
32.545328
28.385873
29.762270
25.209117
30.144034
24.032693
26.742139
29.047168
28.881920
27.426052
24.702406
26.391521
30.770717
31.608795
32.073562
29.471329
32.327664
32.707339
31.620342
30.124666
32.981101
28.281477
32.656819
32.552491
35.684232
34.582166
35.704350
41.158051
35.097781
34.309103
38.101275
34.737252
38.863021
39.784895
44.239876
40.107276
45.071012