50
4
40.000000 40.000000
55.577145
53.477331
52.911650
49.984267
45.203409
44.397084
45.995160
47.343646
43.758985
44.137451
41.476414
41.106147
38.749327
38.777569
38.007892
33.676142
36.180394
32.847621
35.472589
29.653864
31.822208
29.084862
32.424504
23.089667
24.267474
28.218064
25.862443
20.850177
22.312279
20.142048
20.201488
19.988021
16.973936
14.152758
13.452959
15.403006
10.371529
15.051487
8.744291
13.372064
7.240464
6.766506
13.060566
9.318103
5.933617
9.659356
9.824748
15.532386
5.892406
10.466529