50
4
40.000000 5.000000
35.680157
37.266062
38.386916
33.983946
33.146422
31.347628
32.388023
31.597690
30.254191
29.566214
31.255700
30.263504
27.162780
27.670741
32.915744
29.570387
28.955921
27.115371
24.852269
26.841349
27.855519
30.908078
28.711743
27.178521
24.884665
25.784427
28.937629
29.719699
28.880455
29.871487
31.235779
34.548851
30.586455
29.210977
33.195468
32.875751
35.114138
35.819538
35.997587
36.478277
38.725746
38.121367
36.976930
36.941468
39.872686
37.876355
39.092207
37.522383
39.398694
40.186074