50
4
5.000000 40.000000
34.085003
39.628012
38.554762
39.859090
36.158037
32.458575
31.758581
27.505163
29.633348
33.132082
30.010672
28.926587
25.484051
29.765915
29.025694
31.347794
28.397004
25.600483
22.753902
25.077979
26.322088
22.091009
23.767400
24.806604
18.183245
22.055352
19.192595
18.810505
19.425306
20.164061
22.340895
21.863071
21.726088
21.432056
23.310084
24.281630
25.962317
26.498291
22.528760
23.725367
29.354544
27.810661
22.760382
25.313378
28.402820
28.898017
30.381546
34.643937
33.099774
30.420056