50
4
5.000000 5.000000
5.654229
8.527104
0.710195
3.252709
1.723042
3.845533
4.666378
3.297598
0.678460
6.752698
8.202926
10.460709
12.023366
16.355175
10.982318
12.508324
18.074418
15.676764
18.323310
19.405023
17.934695
19.759548
22.264864
19.566813
24.230429
25.983320
28.203692
25.025765
29.731245
29.887036
32.706439
32.315858
35.809644
36.285879
34.952048
37.680287
39.882896
37.979180
39.659717
40.023447
41.506952
44.791521
40.881856
47.793102
46.346615
47.532185
54.190192
51.954209
55.014537
54.306176