50
4
5.000000 5.000000
7.483115
3.583462
2.423626
3.614919
0.000000
4.698315
7.782069
2.462711
5.091135
8.082785
5.221322
7.900465
7.351207
9.362662
12.916803
12.623792
14.287680
15.131863
19.741690
18.923691
18.785829
20.738315
23.394838
23.642254
21.525406
26.495807
27.338967
32.577434
28.533094
33.409723
30.604452
31.361218
30.353090
34.744669
39.269777
42.988882
37.094365
39.149482
38.149482
39.713852
44.883605
43.091420
46.790053
50.901933
47.914150
45.418387
51.982844
56.038207
47.635264
56.359678