50
4
5.000000 5.000000
8.725614
2.222011
5.397593
4.523546
2.718856
3.250212
4.975926
4.512819
5.929455
7.554629
4.968852
9.810869
7.210218
7.625104
15.357471
15.549017
16.985151
17.517154
19.044028
19.009143
17.487156
22.187317
22.351821
21.678616
24.945137
26.946915
25.458385
29.588744
32.142583
32.619259
30.990633
32.545914
31.678795
33.220383
34.893329
40.855570
38.605819
39.958786
42.207368
40.742451
41.367209
43.494793
46.044499
48.622800
46.539615
48.121163
51.435080
49.793299
51.598677
51.575724