50
4
5.000000 40.000000
34.621829
40.040841
39.594349
37.195554
34.825289
34.696104
35.819507
36.067393
35.357462
32.485124
30.087883
29.924135
28.166129
27.552539
27.386473
29.330831
27.412623
25.762248
24.221245
22.255896
23.622167
19.482374
22.887847
20.841953
24.185346
19.794369
17.378442
25.178390
19.316232
19.133609
18.824234
19.445442
21.519615
20.534220
21.364826
24.659255
20.821653
22.597077
24.848004
28.120659
25.809384
29.119018
25.383054
22.732518
31.745944
29.730801
34.123991
31.345241
30.181247
30.701977