50
4
40.000000 5.000000
33.200266
35.837808
34.286254
36.872821
32.945531
32.965514
30.670878
31.125902
28.622306
31.027121
30.383577
24.922012
30.758027
28.158242
30.079539
25.696185
26.511225
24.418074
27.998569
28.354567
30.233710
28.863571
26.589367
31.459923
30.710330
27.080708
30.692526
27.188540
31.662164
28.954471
32.462749
34.001340
31.639792
28.035791
32.973438
33.344478
32.976491
33.857029
31.850414
34.154530
38.729228
34.005968
41.365207
36.544097
38.120629
39.703369
41.847975
42.298951
38.496146
43.898290