50
4
40.000000 5.000000
35.047196
31.924270
36.561199
33.270673
33.285372
32.418685
32.190153
32.335430
29.606133
30.981522
28.305244
28.925044
32.460920
26.731157
28.975004
30.445975
29.063043
23.328855
24.499228
23.846355
23.094907
26.539123
28.739106
23.507548
25.212663
29.527003
28.173095
32.358534
32.435469
31.131915
29.745801
30.845270
28.155346
32.123125
37.974331
33.100669
30.796363
35.107840
32.455053
36.240358
35.160890
35.492797
41.713621
37.174727
39.623842
36.572990
40.814332
38.005449
43.999706
39.899013