50
4
40.000000 5.000000
38.033700
27.894109
35.571089
35.091483
30.591603
29.405900
29.561215
34.004153
34.911693
27.717457
31.751241
24.674482
30.767053
29.531444
27.195691
27.606700
26.333679
26.678041
22.582861
29.711985
27.056718
30.030175
28.766684
26.390718
28.431618
27.847590
30.087580
27.663566
27.700430
26.794244
31.997621
29.572580
32.079443
29.878707
28.347428
32.297821
32.957249
33.913724
33.035937
32.626556
36.224297
38.284927
37.095850
39.043542
38.949339
37.414216
41.183085
40.479812
40.144332
42.605139