50
4
40.000000 40.000000
49.931763
49.176801
54.318364
55.689277
49.117966
50.936761
48.681445
46.338167
42.961604
44.096963
39.542320
40.665318
39.763171
36.820462
35.783969
36.383159
35.840963
33.939595
33.601189
33.622070
30.501881
34.214276
29.127540
27.299546
26.044999
26.856089
23.695298
25.964226
22.762383
17.436196
20.682023
23.520517
17.993747
13.942973
12.214769
14.047591
16.749246
13.792968
9.825573
10.613387
7.961104
7.463359
8.970018
9.619143
4.645428
9.049908
11.389966
7.616229
8.200959
9.494556