50
4
5.000000 40.000000
37.101717
39.623463
37.819815
34.939386
39.427799
38.371316
35.717961
37.376655
33.107755
29.757611
33.427734
26.987985
31.202415
27.298944
29.192693
27.870655
26.667952
27.601302
28.091355
26.015742
25.097977
24.166185
25.715698
22.690451
23.375514
21.452758
20.699945
17.667085
17.956007
18.997690
15.504172
20.934780
20.642936
22.533222
22.683319
19.970700
19.754265
24.678802
24.048472
22.020852
22.163019
23.240753
26.581392
29.300083
24.969406
29.284957
29.856553
29.640881
29.415708
28.975844