50
4
40.000000 5.000000
35.788982
36.870779
36.638913
37.644643
33.076550
35.138416
30.836888
31.766725
30.018849
28.315699
27.121201
27.905232
25.491231
26.767691
27.652788
30.787028
23.709079
27.339351
24.034282
25.100355
25.642644
28.220000
26.676024
28.844885
27.129000
24.180921
29.767663
27.155942
26.239027
29.350948
23.615472
30.646898
29.184835
29.242262
33.787543
29.626541
34.445928
34.337646
33.338208
37.028206
36.450472
35.158465
41.003354
37.600019
34.982704
38.536870
41.027724
44.637054
42.830848
40.895762