50
4
5.000000 40.000000
40.798018
35.300373
45.088053
35.214576
38.184442
34.651007
31.692726
29.663376
31.273023
30.939459
31.133881
28.363720
30.342286
27.115949
27.889199
23.436225
27.922895
26.192874
27.027554
27.796260
21.607439
23.357710
26.245781
22.251002
24.982549
22.908602
21.712911
17.163119
19.760588
19.599978
24.599495
14.055171
17.479018
24.634578
24.326555
21.296459
22.298816
24.526355
20.006851
21.448980
25.747497
22.416743
24.215729
27.896752
25.929643
26.103660
30.082863
29.659169
31.315451
30.966407