50
4
5.000000 40.000000
37.915882
39.969103
35.083432
39.160889
38.325015
35.095401
35.349572
35.628331
32.842608
28.879641
27.809166
26.401645
31.273107
29.979182
24.863093
23.697864
27.126825
27.756393
30.132190
24.889423
22.865180
29.182028
24.074065
19.404003
18.724910
19.923141
21.203151
24.566366
19.238078
24.530384
17.290012
23.137714
23.463636
24.029590
22.210390
21.394846
18.707336
25.826630
23.744417
23.564661
25.949170
22.570122
29.768788
27.427383
24.203426
29.255621
31.117897
31.321975
27.709248
29.863670