50
4
40.000000 5.000000
36.015507
35.048876
31.981001
32.981713
33.189719
33.739820
32.589861
35.481334
32.645029
27.106075
29.717803
27.771992
32.010939
23.301630
31.657546
26.320334
28.618977
25.197475
30.848279
26.546653
31.128244
24.728667
23.873524
28.395728
25.191086
27.028651
27.518170
29.313992
32.146312
24.929393
33.507108
31.515898
30.599931
31.397037
34.988059
33.752520
35.989065
36.000658
36.896610
35.192995
34.763365
37.590545
39.185266
32.303644
38.840583
39.135851
43.481847
43.158281
39.492003
42.343408