50
4
5.000000 5.000000
0.556769
3.449067
4.397702
0.780534
2.466219
0.000000
1.622382
5.131765
4.724329
9.580966
8.206883
7.893017
11.363025
9.212694
12.459124
16.097926
14.269957
19.430846
15.979064
21.001771
21.176283
19.587464
23.382856
22.165201
23.029870
27.867649
28.397075
27.366688
31.260141
28.906674
33.422441
32.167573
33.409822
35.269483
37.751827
37.454698
38.374780
37.702823
38.177528
44.202557
41.083954
43.798498
43.043787
48.026699
50.386613
43.970319
53.104257
51.884437
53.355527
50.663363