50
4
5.000000 40.000000
41.367781
35.993305
36.504581
42.753914
39.691690
36.854542
37.539437
32.738345
32.815275
33.256604
27.942697
28.446525
29.004576
32.333521
28.572885
23.402000
25.476531
20.161570
26.597353
20.380210
22.323408
21.928985
18.198852
22.890581
18.114870
22.629911
20.657754
19.690590
21.249544
23.405864
20.586221
23.001387
17.592873
20.510694
20.883741
22.077068
20.430737
22.741681
23.075794
22.571912
23.687737
24.207078
28.189121
28.028653
30.312312
26.405647
27.768317
31.878148
33.835226
35.764194