50
4
40.000000 5.000000
38.109847
34.978365
33.021629
34.685822
32.959301
34.893465
35.681577
27.845393
30.963324
30.795729
26.455509
26.816703
30.177637
29.455819
26.756948
27.030710
29.498401
28.177477
27.198009
25.486314
29.161239
28.048696
26.876174
26.735339
29.025283
28.100459
29.090587
32.739805
30.434581
27.565575
32.509697
32.048170
33.399654
29.249079
29.941821
36.011241
32.006651
35.499890
32.950673
36.880438
32.901817
38.752687
35.594138
36.119994
41.476748
35.162549
43.344659
43.034556
42.528648
40.750488