50
4
40.000000 5.000000
39.161060
30.116523
37.588043
31.053807
31.523212
34.265062
32.441665
34.841764
27.321613
31.125219
31.904485
26.728897
25.491300
28.079651
24.332602
28.326514
27.038776
29.625559
27.112546
26.371674
29.843795
25.873641
29.293274
26.231278
27.246368
27.025079
28.760223
25.132573
29.388799
33.371773
32.911557
27.086472
32.193722
32.035563
34.759565
33.912295
35.463943
32.974538
34.250720
35.787742
34.352481
35.272337
32.746593
41.921804
39.797867
36.214360
39.313963
39.131845
42.939757
42.021190