50
4
5.000000 5.000000
3.250553
5.988839
0.124771
2.127422
4.570775
5.883512
1.345269
7.640493
8.469271
7.594911
6.786706
10.128195
9.065989
12.932164
12.565749
16.247387
16.379566
10.821298
14.798474
21.181458
19.794356
22.863124
23.104174
21.154342
23.953398
25.253279
23.508788
25.311049
30.372227
31.232099
32.792604
32.107125
32.490162
33.086357
36.936422
35.084883
40.306771
36.246452
46.049133
45.023621
41.462829
42.392244
48.640358
48.075648
47.020705
48.802848
46.661658
47.000552
54.688135
49.582839