50
4
5.000000 40.000000
37.965247
39.124853
40.459914
36.252339
36.386039
34.669289
35.212200
41.465531
31.075061
31.755088
30.527919
27.025835
25.607006
30.770867
27.275225
25.123414
29.887071
23.892669
27.461209
22.220954
24.280825
22.495864
24.071529
17.957246
19.483057
19.151015
23.953660
23.182651
20.602268
25.993189
21.229934
20.142938
19.341132
19.080044
21.550423
21.292180
19.291798
21.753595
22.852287
22.781516
23.252378
27.403629
29.070649
24.520369
30.239486
31.504462
25.551091
28.342384
29.550186
31.127094