50
4
40.000000 5.000000
39.675139
38.582666
37.086115
34.497613
33.554965
34.093747
34.968204
34.844064
26.609508
31.981233
28.738977
25.912340
32.788013
31.011368
28.679830
28.054067
28.892712
26.495162
22.913652
30.164744
30.492230
28.536066
28.049946
32.494666
29.090391
29.272420
31.410200
25.693513
33.004068
30.596843
27.660250
28.205510
32.460421
30.867797
34.934806
35.050957
30.767829
36.951818
34.411602
33.651146
38.095958
38.408860
34.694067
35.846776
38.294987
40.723286
40.559529
42.376834
43.076077
45.586901