50
4
5.000000 5.000000
4.043590
3.443126
9.013767
3.088255
1.228585
1.916057
4.691386
6.025730
9.351244
7.826981
3.428639
7.072268
8.672488
7.376376
11.449203
16.449268
15.625132
15.567906
17.552344
20.504013
19.518798
24.083745
22.495463
19.076586
21.846637
25.863877
25.234134
25.008930
29.448664
30.867436
35.662608
31.503321
33.452190
34.415103
34.781614
36.760236
38.676364
36.536826
41.876300
42.054033
45.584043
45.811362
44.145009
43.117998
48.313095
47.196639
48.779660
48.659337
49.065215
57.970570