50
4
5.000000 5.000000
1.195499
3.435485
3.259181
2.548144
4.245486
1.718215
0.866340
6.382156
7.081101
5.322689
8.100425
5.294913
9.565651
9.908219
11.398740
10.008565
18.111775
15.106371
15.466759
16.752480
17.639596
17.101600
21.010050
21.900068
23.565195
20.878679
23.538030
28.143424
31.607497
30.199585
31.380016
31.365129
33.036683
37.394036
31.051951
31.561867
43.486532
39.768061
41.249020
39.940287
40.834030
45.078576
48.103211
47.172494
50.296341
45.291274
49.389953
52.590241
52.381950
51.305233