50
4
40.000000 40.000000
51.885470
50.688041
48.752060
47.039967
49.394480
50.021995
42.686461
45.854109
46.024401
44.386467
41.798025
42.176482
37.040569
38.502041
38.013042
32.572767
33.082297
35.857512
33.485666
32.002604
31.900892
29.601771
29.268745
28.420105
25.299006
22.304737
23.481523
22.610594
16.758540
20.971836
18.905728
21.464866
15.466766
15.467701
16.828557
16.045542
11.382091
13.099703
11.200549
9.940773
10.631180
10.643467
11.508537
8.469378
6.978056
9.021479
7.423130
9.564064
6.389806
7.802735