50
4
40.000000 40.000000
51.456863
55.907838
48.908880
53.791224
49.042811
48.307410
49.011311
44.057352
38.842124
40.764419
41.455526
38.313786
38.101247
41.273850
38.774101
35.893988
33.261734
34.368046
31.099218
28.990907
26.330916
33.657189
22.006215
25.090436
30.502932
21.064717
22.520159
22.185310
23.377829
19.537311
20.830646
19.835951
17.438083
16.124268
13.551676
13.618373
15.020045
13.594855
13.044863
10.686137
8.411592
13.162508
8.584121
3.613252
11.908330
7.319771
6.722313
6.397582
7.301298
8.657539