50
4
40.000000 5.000000
34.445043
33.439180
35.460566
34.364389
37.469059
35.245722
30.542374
32.987774
28.229744
28.990351
28.663398
24.196348
29.058197
25.973016
28.297106
26.181130
26.737550
26.848191
30.980263
27.666409
27.975914
26.624687
24.727366
27.330835
25.556332
23.436911
27.767830
27.938861
27.394828
29.103387
33.014455
28.852134
31.965691
32.625713
30.375699
30.690610
33.386883
33.246879
38.027356
35.640209
35.144722
36.012109
36.259572
39.552680
35.047226
37.549677
42.631872
43.176213
39.895416
44.048099