50
4
40.000000 40.000000
52.314467
49.148341
47.372194
52.786899
49.712812
48.299156
43.870000
47.498110
44.167753
39.175634
40.673599
43.431949
43.440486
38.527588
34.519818
36.213090
30.740531
33.158497
34.806491
31.542561
29.383985
30.645622
27.770255
28.362599
26.396290
24.289737
25.062974
19.477664
23.224365
16.926942
18.701271
21.234123
17.397867
15.181597
18.466118
10.872794
16.604966
13.444064
13.714421
10.821852
8.600876
9.982651
9.370804
6.905367
8.120587
8.295564
7.925305
5.028693
7.543794
6.350312