50
4
5.000000 40.000000
40.932561
42.117105
35.262126
33.452730
37.645112
40.321444
35.935027
36.526025
26.220485
32.319858
32.688301
27.626225
26.867610
29.104427
25.312921
30.964609
24.104377
27.861393
25.373336
22.257934
19.479955
21.244625
26.248580
23.457252
19.139850
19.479925
21.477578
21.819404
21.712929
19.103928
19.792357
21.437585
23.140821
22.054951
19.168012
23.871088
23.030154
21.207599
25.472088
31.246862
24.601580
27.165748
27.252370
29.699959
22.900399
26.514029
27.079540
27.410810
28.048917
26.367165