50
4
40.000000 5.000000
34.290529
32.133139
36.850650
36.045253
30.032289
33.474561
34.290028
34.157967
28.472093
25.513476
24.875582
28.350270
28.991134
30.209081
27.770754
27.977567
28.957990
25.922952
28.225001
26.723291
27.636584
26.959117
28.231096
29.079769
27.739795
31.248572
28.350866
28.465223
32.169929
28.884186
30.687175
31.252259
29.776655
27.176523
31.273835
32.253841
31.673689
34.879359
35.893132
36.130619
37.604289
37.163207
38.926150
37.947441
37.495618
40.296961
43.690839
41.393973
43.024725
38.690197