50
4
40.000000 40.000000
54.131765
51.647802
51.986710
46.100926
47.335389
52.858091
46.018108
42.842185
44.348135
44.503430
39.436792
42.481490
39.378984
34.802632
37.758020
34.067698
35.517956
30.437062
30.185838
30.216810
29.418817
27.826978
28.467431
23.567234
26.192241
25.340082
27.473712
20.640649
18.933326
17.252611
21.891532
17.251434
19.829000
15.217153
15.067747
11.161238
16.652558
12.655106
11.726129
13.304863
13.674616
4.058518
8.542844
7.421376
10.577055
5.564982
5.422816
9.945338
7.222689
7.969040