50
4
40.000000 5.000000
34.032374
34.152890
35.116783
34.121240
34.140093
31.009188
33.753211
30.312970
29.405880
26.630234
26.705136
28.030716
30.010133
26.093200
28.512954
29.876129
23.558656
23.912381
26.475227
28.906252
24.951127
28.592432
26.424450
25.753327
29.950490
29.484082
26.599021
30.874168
30.375729
31.819380
27.830708
29.823823
28.080216
29.467283
31.902413
31.829504
34.673474
36.767586
35.684345
37.432665
37.740142
37.811942
36.235386
39.839159
35.737904
39.536077
41.380822
39.214870
41.086481
41.673125