50
4
40.000000 40.000000
54.349826
52.914740
48.340121
52.546396
44.289956
46.884946
44.309712
46.330702
42.364842
39.484218
38.307326
35.790896
42.141313
42.163492
33.841013
35.418294
34.359835
31.552467
34.536955
33.611496
31.223321
28.224969
27.153191
22.554554
25.658021
27.634315
21.515279
23.975075
19.198718
18.895107
18.235188
18.755988
18.935624
14.302165
14.957000
15.726995
12.182367
13.526132
11.496939
11.421079
11.115716
10.189812
8.022357
7.023032
9.118442
8.206324
7.468645
5.148739
9.765688
8.983555