50
4
5.000000 40.000000
41.595530
41.054995
35.808668
38.634655
35.030121
34.457932
34.761119
29.173356
30.096798
32.986587
28.148675
33.898360
28.515809
29.136444
26.984476
28.026206
24.805457
22.841024
22.437475
26.020398
23.260102
21.771246
22.466870
21.805990
18.786668
17.546779
22.233889
20.197504
19.732672
18.376472
25.154205
19.612803
21.086103
22.182018
21.960607
24.396442
24.681214
22.058714
23.337512
26.023390
25.526791
28.941348
22.396809
26.973686
27.022982
29.937873
28.497752
27.927275
28.223611
32.551063