50
4
40.000000 5.000000
34.192741
36.227033
37.597140
33.574808
33.915040
33.615332
28.642803
34.459523
26.233034
30.252733
28.777512
26.215371
24.915290
30.588571
25.938807
27.594667
24.874051
29.599960
29.928393
29.278560
28.492935
23.796792
27.236893
29.562733
27.340030
27.330723
28.744503
27.811848
25.622028
29.572637
27.893624
35.754584
29.844899
34.879216
29.079981
30.907496
32.543264
35.521847
33.650189
30.608803
36.821983
37.871389
36.079461
36.098417
39.102701
36.843881
40.847275
39.953284
38.629890
43.294176