50
4
5.000000 40.000000
41.225509
38.502752
37.545899
40.920532
33.022482
31.815206
28.927286
35.708510
30.219260
35.564676
29.789696
29.660175
30.373470
26.240306
27.785673
27.899502
24.637417
24.152278
26.602334
26.199728
23.946178
16.018760
21.238137
21.422975
19.349797
22.049564
25.761775
18.882342
19.016549
20.119786
18.241634
19.901792
21.226373
19.948190
20.733253
20.105284
18.119060
26.558288
26.386510
26.355837
23.342210
22.824831
28.404747
28.684001
30.394850
32.854245
29.661606
30.580298
30.860197
29.206131