50
4
40.000000 40.000000
59.241329
55.001683
50.159984
51.639810
48.911527
51.485713
46.053109
44.735222
43.640910
45.607849
43.412600
42.059333
40.788357
35.959026
40.309488
34.080221
33.460875
32.306439
34.307712
29.630337
29.633208
30.746479
24.276937
26.649130
24.167698
22.540388
25.659222
22.876199
22.689001
17.550618
20.016026
14.419541
20.357861
19.942158
13.229808
8.480874
8.174908
11.841846
14.575620
15.600341
5.880156
9.633262
10.006854
5.737173
7.125200
9.278671
7.501453
8.235708
5.745429
7.640639