50
4
40.000000 40.000000
51.691739
54.139825
51.751291
48.777760
47.206797
44.749347
48.957994
47.875515
43.179282
43.557041
41.283674
41.963180
40.337117
36.039532
38.634129
34.575068
37.782613
30.167316
33.913847
29.907073
34.266256
28.937019
28.768343
26.503389
25.725504
18.273465
25.790817
22.914284
17.590683
20.696522
18.401823
19.969756
20.937145
16.667358
12.071476
11.584627
12.828730
9.756192
11.730619
14.564508
9.999473
7.952827
10.670081
9.686575
8.908270
4.122527
6.107699
4.097254
9.200618
8.731838