50
4
5.000000 5.000000
-0.984082
0.790550
2.711669
5.664958
1.312227
2.444233
0.232683
6.555917
8.012495
4.615623
7.998188
11.322893
12.507670
12.856989
11.679960
16.021189
12.601974
16.517650
18.177613
19.938076
17.527409
21.201046
19.942637
25.155407
20.937559
24.600649
26.242972
27.725494
28.345183
25.028287
33.602895
27.132970
34.752022
37.138996
33.066949
38.219245
39.804158
37.096808
41.171247
40.294516
45.688910
42.099185
45.672132
43.560635
41.722465
49.494262
51.569297
49.138151
49.775810
56.610045