50
4
5.000000 40.000000
36.540199
40.621046
37.258290
38.097846
37.901060
36.573737
32.052189
32.746709
28.351295
34.488981
34.832659
31.634347
27.034119
30.209652
28.639832
24.830115
26.033496
25.852204
23.330604
26.147986
25.068864
22.593137
24.572904
22.595067
22.645681
19.281328
23.077235
17.920381
22.257951
22.156934
18.844095
21.286481
22.606571
17.158522
16.737957
23.430230
17.356986
24.989239
21.804848
23.433517
21.760179
24.183824
25.991414
28.146276
28.359252
26.403491
24.868667
29.945629
31.460740
34.391891