50
4
5.000000 40.000000
38.540647
40.899994
39.632211
34.297779
33.511477
36.311460
32.644366
32.558329
35.481261
33.303112
31.324841
27.713582
28.783904
28.644806
25.059347
28.269106
26.850189
23.802082
23.758993
26.878026
17.517249
23.750580
22.940115
20.089682
22.593649
22.581293
20.284667
21.734933
16.205100
21.543018
19.938024
21.009743
20.041538
22.138126
21.780101
24.455955
18.912308
26.609678
20.338876
22.914061
25.247174
27.903461
23.756351
26.643726
31.413510
27.742126
33.198344
30.638952
34.051809
32.232119