50
4
5.000000 5.000000
2.646804
1.647086
3.643537
0.000000
1.519891
5.475109
5.910655
4.980417
3.449376
14.232500
8.240774
6.916788
12.094262
9.291522
9.996851
16.558216
17.130780
14.703642
20.369790
18.267686
17.693701
17.741318
20.500700
21.552179
25.088496
22.195296
28.255162
26.082278
31.060299
31.353757
29.644552
30.163428
31.240701
30.936074
36.799457
39.290062
39.050671
41.104026
38.781575
44.308679
37.908330
40.464500
42.298482
43.539815
47.385242
46.905165
49.590936
48.350507
50.540789
51.088828