50
4
5.000000 5.000000
4.513074
3.799490
1.518277
0.496389
3.515166
0.000000
0.123473
6.222537
9.306003
4.645652
6.134536
10.803959
9.330912
9.876333
12.387910
13.181920
15.372721
17.172924
21.244022
20.816207
20.444696
23.092014
20.791701
23.820545
21.293612
26.558081
26.865965
28.572256
25.151005
30.793292
33.602342
33.738660
33.337933
35.927533
36.403135
39.253788
39.159484
38.300362
42.759031
43.331278
43.145350
45.775204
46.930588
47.656264
47.568639
49.758289
49.222045
51.131501
54.171905
52.202649