50
4
5.000000 40.000000
42.874256
39.516525
42.658208
34.950259
37.169357
35.915275
37.235785
30.383609
31.677260
32.073992
32.611942
31.844165
25.856503
26.235187
27.034744
22.519159
25.469467
25.665189
24.750397
24.022031
24.679926
20.787105
24.316021
23.275233
20.972882
21.671753
25.776626
22.432837
20.121448
22.498393
23.967794
23.310050
22.390263
24.354471
21.525170
23.966174
20.043499
22.170187
22.656848
25.090482
27.626613
30.830510
25.812981
31.329234
27.761047
34.338822
30.654545
29.657664
31.508271
34.348543