50
4
40.000000 40.000000
51.073807
52.678092
51.952105
47.911981
46.277815
48.630239
45.009292
48.550377
43.699402
47.294862
41.313160
42.054977
44.258362
38.067164
37.998820
34.170582
34.652637
35.707427
29.974674
34.911676
32.247821
29.589064
24.061734
30.525602
25.362192
24.038393
25.402473
21.412366
22.545174
18.492969
17.739402
17.897649
14.493333
17.343732
14.924005
13.014032
12.523501
15.809670
8.008163
9.391577
8.386164
5.194346
7.210831
8.220281
6.077810
9.799114
8.735065
10.333215
9.258262
10.884195