50
4
40.000000 5.000000
35.931233
33.080842
34.694844
37.428483
35.465502
32.990603
30.347360
29.740644
31.504261
26.392074
29.775262
26.636409
27.691976
26.259426
24.831782
29.255129
28.196258
27.949355
26.811335
27.332406
30.499649
23.861435
30.205446
30.335424
29.355850
28.365067
24.753979
27.732797
32.484935
31.264676
32.178660
30.625850
31.791866
31.118852
31.604672
35.599635
32.665549
34.775529
33.929164
33.147799
38.540034
37.631024
37.807492
36.358874
40.979989
40.808408
43.863803
37.400265
40.247678
47.835095