50
4
5.000000 40.000000
40.104734
31.929505
36.481422
41.304800
36.998241
37.103356
34.203954
35.595051
33.980439
30.303741
32.122403
30.737382
27.105070
30.390238
27.805395
30.449110
22.872410
26.389325
23.517098
22.368508
20.913659
18.039335
21.488355
19.858708
22.264474
22.598621
19.979059
23.438030
23.098502
21.294122
20.485523
18.163494
22.767933
24.872106
19.485283
21.897304
20.745431
26.037139
23.050694
26.208707
24.768950
23.809507
23.803924
29.103739
24.728855
30.037156
29.664258
33.541857
33.896779
28.761082