50
4
5.000000 40.000000
38.567188
41.462208
40.956511
41.153374
38.157004
37.327291
33.582778
31.360682
33.338074
35.439887
29.963382
31.091291
28.117755
26.926263
23.306254
24.981919
25.049729
27.061891
25.559169
20.729182
26.123122
25.114148
20.595654
23.664984
22.590504
21.685913
22.107936
19.825808
20.404689
21.471615
24.135826
22.769897
18.002923
21.261028
19.735082
22.991624
20.154162
23.772495
23.839355
24.683687
24.200250
27.320912
28.631942
27.635179
28.304336
26.890714
25.026240
33.739555
28.862343
32.962718