50
4
40.000000 40.000000
47.680424
50.896147
52.444226
51.708774
47.762335
42.639507
46.619517
47.166385
50.854529
44.663504
41.834451
44.661470
37.609284
37.665319
42.642330
37.375084
35.418882
38.310985
30.573409
35.590601
25.825111
30.421893
28.184180
27.610973
20.725577
30.389733
21.092783
18.062565
22.775769
19.964966
20.666561
19.004215
15.133483
18.759724
16.172068
17.871654
10.820709
12.603827
8.827262
10.235839
10.401144
9.224936
11.841728
10.912475
4.830975
6.803218
7.555382
7.101465
4.171706
12.759861