50
4
40.000000 40.000000
55.077822
54.291910
46.936221
53.531986
51.280565
44.715917
48.806247
43.135837
44.974538
37.602034
38.059969
38.503623
38.830318
36.553603
35.116077
33.088158
35.636444
33.869024
34.375242
35.838458
31.395904
25.344543
31.494585
28.009714
24.693404
28.408233
22.625290
24.109751
20.898179
22.837472
20.229219
16.325985
16.939840
11.703594
11.039335
10.780028
13.753452
11.133578
10.463110
14.805455
10.273540
4.055662
8.225447
7.841844
10.211589
7.406217
11.989964
8.346107
8.169352
6.636662