50
4
5.000000 40.000000
41.528019
40.008073
35.542292
40.121057
35.962326
38.283057
32.923596
35.080777
32.535892
31.517483
32.582937
33.786467
31.965065
27.673965
28.063902
23.919871
25.563487
22.431333
26.596725
24.116819
22.275667
24.514051
25.871324
25.011497
19.727582
21.544417
19.996931
19.042572
15.550313
18.729118
19.858211
18.619614
17.566231
21.144520
21.378486
22.326380
22.344104
22.411825
24.450405
23.969976
28.948200
22.547104
26.851108
27.066820
29.072380
27.013189
27.779462
33.868309
36.778734
29.824587