50
4
40.000000 5.000000
33.300171
34.185308
33.972547
34.602476
32.013914
33.090401
28.160427
31.480537
32.108550
31.171727
28.362212
30.226025
28.967594
30.031090
27.873973
28.361195
28.477769
26.746768
27.669178
26.678177
24.625661
25.923017
26.045684
28.851435
26.895333
28.902466
27.376997
26.856024
33.531408
30.546329
32.606695
29.688008
31.133770
33.602481
32.881793
29.383440
32.982676
34.492391
36.412030
33.378695
38.885403
35.587727
38.959170
37.336841
39.947084
38.974916
42.023942
45.477292
35.791922
39.774602