50
4
5.000000 40.000000
37.374883
38.386638
36.237388
37.598660
34.097033
39.545447
36.905713
33.558527
32.958161
30.146023
31.274988
32.953188
27.747567
24.426027
23.655751
32.326004
27.109693
24.821891
22.951677
27.455573
23.112543
21.408715
23.573426
23.292410
18.352375
22.676130
23.440328
20.369881
18.613874
17.920588
19.212065
17.540211
22.661813
22.240340
21.971920
17.330122
22.250460
21.820740
23.809313
24.182603
25.457391
19.975086
27.337711
25.749495
30.408985
27.447699
28.867997
30.897689
33.220965
35.091784