50
4
5.000000 5.000000
5.130924
4.788136
5.483357
0.445106
-1.450540
4.612736
7.990017
3.760445
9.329533
8.108203
14.238191
8.768724
6.699817
9.271014
9.191377
11.538769
16.083178
13.144383
16.743886
18.783879
21.738984
21.634834
18.315956
21.758914
24.607971
25.492482
27.933065
27.875963
27.129913
30.770393
30.874914
33.609630
31.402620
32.859751
33.346939
38.816177
38.542378
41.783546
40.412679
45.313048
43.191385
41.481984
48.753468
44.134384
51.215106
48.977368
49.158612
49.910735
54.847615
48.803521