50
4
5.000000 5.000000
4.735017
4.524056
4.873630
5.106054
-0.700823
4.862549
4.606938
5.254449
8.312258
8.578884
6.577586
6.578576
8.890202
11.924819
12.255054
14.689823
12.011989
14.320380
13.708378
17.890274
16.547840
19.424463
17.721699
22.518038
28.141728
23.128469
27.449006
28.194666
27.497242
27.857490
30.586932
31.191737
35.213852
33.297446
35.950964
36.520290
34.565336
37.220146
39.625344
42.732513
40.565339
46.767205
42.509183
48.265459
43.420697
43.122679
51.638259
47.276705
51.487297
50.346811