50
4
40.000000 40.000000
51.040870
52.138645
53.725565
48.217523
53.427619
51.884061
49.150945
42.758620
44.405097
38.494160
37.197013
36.405251
37.927465
39.941480
34.885756
36.619343
32.117912
32.561698
35.371371
33.457009
29.230000
29.091841
24.068724
31.638153
28.936121
23.884017
24.380641
22.464374
20.264815
18.887434
19.274857
20.110718
19.298589
17.496812
14.334198
15.122971
16.393792
12.073996
15.934785
7.907005
8.298573
5.210176
10.251792
6.761571
7.167750
10.557084
7.312072
9.076231
6.354287
8.424807