50
4
5.000000 5.000000
5.947307
-0.523820
2.328147
4.901640
2.295909
3.758957
5.199794
4.232820
6.430607
4.500520
12.853172
9.530658
7.686597
11.640079
12.781413
11.969248
14.842977
18.803507
17.493693
19.296277
19.494265
17.975052
25.740248
18.288877
26.442125
26.886927
28.659296
31.732559
26.646089
29.234637
29.077153
30.985577
32.145237
33.761738
37.219905
33.457144
37.874361
36.193769
42.230914
42.368813
44.690992
40.005604
46.016948
46.170106
50.501405
47.302254
50.597137
51.689643
50.807037
51.879427