50
4
40.000000 40.000000
54.396480
56.005272
52.245473
52.355912
48.065014
43.957681
43.415935
44.292520
43.830404
43.759565
43.697688
41.202817
39.831481
38.480117
36.109708
36.251420
36.768902
32.703282
33.239189
29.965643
29.629522
24.046133
31.362487
27.290091
22.116853
25.321216
25.924421
19.165169
21.628002
17.249426
21.270826
20.031057
21.173370
13.806146
15.323150
12.010406
15.047465
11.491106
14.604155
5.487721
8.287693
4.180115
9.737834
11.271987
8.266785
11.807369
11.316085
8.820981
11.443370
10.522909