50
4
5.000000 40.000000
41.482824
39.387054
36.111996
35.826087
36.817039
38.431305
34.353076
30.970536
34.453791
33.500313
28.142560
29.185964
27.568783
26.101496
25.760272
25.923044
25.596116
24.908182
24.411323
22.619067
26.036579
24.736693
25.515051
25.393003
23.558929
23.648253
23.311305
20.786578
24.371440
21.274184
19.138310
20.763673
24.908341
21.845094
17.265202
20.227901
21.627946
26.120849
23.020193
26.452617
27.391247
23.354196
23.910058
29.009709
26.014797
27.187027
30.455257
24.541045
29.420261
33.509432