50
4
5.000000 5.000000
2.503249
1.111416
1.957877
2.067432
2.271847
5.929445
1.470746
5.779614
7.182123
3.814795
5.668522
7.967447
9.150182
13.116714
10.389456
12.566464
17.200500
19.762693
20.629974
21.495557
19.961387
21.335810
19.209892
24.919193
19.726409
26.291362
27.662862
27.953017
27.841593
31.822309
33.156406
29.501966
35.145182
32.859476
34.140872
37.879199
39.394011
37.461509
44.196818
40.058499
45.373329
44.570299
50.003452
47.664480
48.516855
45.208218
53.883457
49.273697
46.525464
50.103190