50
4
40.000000 5.000000
37.676707
35.266364
35.107285
31.509270
31.404103
29.328099
31.136964
29.404876
30.721637
30.826146
24.720446
27.622916
26.285395
31.093592
26.507172
26.961344
25.747387
24.488385
28.259348
30.520597
24.715850
27.526363
28.351919
27.808349
27.614602
28.369868
29.591351
31.391518
27.152726
34.603379
25.767000
31.310127
27.814228
27.479325
33.825707
37.580181
36.782980
34.262054
40.343845
37.616570
38.664962
36.084984
40.249491
38.858101
38.005238
40.057614
43.564052
37.288658
51.009188
40.189967