50
4
5.000000 40.000000
45.973057
37.274500
37.704841
36.198378
38.102908
36.432632
34.988648
28.770045
34.639186
32.709022
32.420060
28.437987
28.715790
31.762895
27.203887
25.589128
27.764731
24.424264
27.034680
22.924828
16.554273
21.851994
23.143034
23.874038
16.140726
19.339341
23.719979
19.597084
19.891967
18.797587
19.530780
25.094985
20.142207
24.459200
20.564159
23.587376
29.220519
21.446512
25.818271
22.369896
25.352372
25.399862
30.159765
25.875841
28.640465
27.173395
27.732085
34.054014
28.229992
32.502583