50
4
40.000000 40.000000
52.910827
51.643900
50.808514
48.375694
47.268113
46.684873
46.982520
49.962046
39.850224
45.024582
40.335393
40.444126
35.259035
38.203553
34.251120
37.262717
32.679699
35.302685
32.667264
29.941426
31.274928
27.115417
27.183489
26.372278
23.132526
28.300345
23.224364
23.018241
21.693195
17.297819
17.411521
17.943671
20.052238
15.997145
16.555738
17.461171
13.054006
9.831388
10.973931
10.508580
9.888107
10.720609
9.217971
13.151328
12.208988
7.957577
5.749302
5.408843
9.120591
7.968732