50
4
40.000000 40.000000
54.334362
50.898691
52.230153
51.978080
44.970504
48.073088
46.660657
42.287836
45.127467
43.574923
43.578901
37.958935
42.189347
35.323491
36.466852
38.120419
35.979453
35.484341
34.583483
33.542431
26.867287
36.712186
23.499547
22.987958
26.507430
19.547089
20.130937
20.269269
25.057378
18.645171
19.947516
17.112803
20.510214
17.511648
14.853548
17.045914
12.093576
13.278211
12.106796
9.553609
7.772264
10.245907
8.715361
7.826590
3.635189
7.374210
7.634043
8.591484
7.149201
11.414470