50
4
40.000000 40.000000
56.086520
57.701025
49.640145
52.819073
51.218087
46.775786
48.025644
45.422554
44.056911
43.328129
40.012933
39.723987
38.061861
40.505946
37.956195
33.169809
33.847496
32.362869
30.695894
31.049306
29.758681
29.435667
28.878284
30.725866
28.023792
23.562150
23.948954
20.557949
19.065275
17.661562
18.741397
14.755742
16.470586
18.564971
16.997978
12.484737
14.929803
14.004882
13.673300
10.480383
11.471870
10.973753
12.164364
5.881208
9.915118
13.004783
9.522103
9.576011
5.399221
13.365247