50
4
5.000000 5.000000
5.512383
6.293534
0.557652
-1.962244
3.953665
2.202086
4.712357
2.799713
5.601057
2.937048
8.115093
7.766773
7.452278
14.637479
10.169017
13.383620
13.268502
15.144968
19.737721
15.080698
19.365122
20.116553
19.884307
24.626161
20.031988
25.125544
26.290952
24.004447
30.308315
32.496323
29.373160
35.714474
34.111607
36.699812
40.320936
36.887202
42.746853
39.446787
38.395181
39.663457
45.165465
40.181241
43.347755
46.573825
45.440854
48.085224
48.512744
52.885631
52.601176
54.114428