50
4
5.000000 40.000000
40.917370
41.475816
37.574595
36.105651
33.370154
33.522921
30.511000
34.733174
35.066789
31.572865
30.807279
29.141708
29.688038
24.575430
28.920403
25.434855
27.063834
26.513061
23.910518
24.292446
26.427367
25.153043
23.787544
22.139569
16.200727
18.886021
20.275728
20.162897
17.255576
19.445271
19.796659
19.372199
18.249462
22.030009
24.941196
26.437589
22.538102
23.351621
21.779302
23.508224
28.189461
28.335603
28.050480
26.034273
26.046606
24.203682
26.681541
30.315175
31.813122
30.795875