50
4
40.000000 40.000000
50.248896
50.043645
49.336025
51.302583
46.843435
47.199125
52.628435
42.290301
41.964479
38.412254
40.529918
40.127804
40.092264
38.903134
39.418215
38.250535
37.191975
28.467727
32.316320
33.182932
28.337994
28.081418
28.770760
25.944204
22.792435
25.889692
18.684644
21.717015
21.606759
22.227638
20.324125
18.301970
20.795897
14.541018
17.144148
14.081504
14.576921
13.184787
15.519881
5.630297
14.469460
11.291044
10.276867
11.196152
7.567406
10.004352
4.591765
4.126306
8.800743
8.789144