50
4
5.000000 40.000000
36.217054
39.445316
36.422676
37.937274
37.391738
35.705704
38.520077
34.490653
35.681700
33.054544
35.896855
32.849572
28.425779
25.079504
29.133204
26.135705
25.743850
23.679342
22.227171
22.077813
23.707423
25.197590
21.210592
22.922887
22.084232
23.761425
22.700831
20.755931
23.070085
19.276328
19.671892
18.013032
21.015412
23.304296
21.855707
24.418469
22.782536
21.796374
24.218131
21.938433
25.772550
24.188492
24.158852
26.978627
28.062784
31.711299
28.227759
28.344093
31.282824
29.641215