50
4
5.000000 40.000000
37.328391
39.082947
37.501217
37.070605
31.869157
33.785619
32.251609
35.104614
32.595726
31.949115
28.410844
30.348985
24.874098
26.460793
31.357239
25.993275
29.538534
23.036494
23.147681
20.603440
22.474579
23.552845
23.122560
18.132622
22.807579
20.142101
22.384958
18.846944
21.858552
18.273183
18.127676
22.831728
19.402844
24.285848
23.060353
21.746061
21.363981
23.584322
26.116435
24.198726
24.151135
22.024060
24.128479
27.462195
27.921668
30.704829
25.414156
30.227972
33.208276
34.781527