50
4
5.000000 40.000000
40.605140
39.454742
37.658710
37.005311
34.979508
36.590377
31.482110
34.779129
32.220615
32.432078
27.065394
28.410854
29.669256
26.322639
25.660154
22.516893
24.790566
25.602781
21.966382
23.449855
21.155402
22.174452
23.922417
18.955459
21.403097
19.473717
18.416445
21.184391
21.373025
20.604169
21.315233
20.617852
22.077646
21.634839
21.189696
21.199096
23.017415
23.528003
26.478405
28.454765
28.262094
25.548533
28.731009
26.946328
27.791720
31.756011
30.337016
28.041911
31.009571
29.455614