50
4
40.000000 40.000000
57.741690
55.829080
48.197354
50.212582
46.076258
50.423256
44.970627
44.922859
43.783230
39.503072
41.082508
41.387365
41.242535
38.022305
36.128335
36.140994
32.729389
32.898545
34.194668
28.837750
28.342720
27.874039
28.049780
27.276359
21.192090
25.960428
21.783555
21.895906
21.314392
19.783123
21.616855
16.221935
17.281992
15.166244
12.953776
12.471509
17.291620
13.614019
10.637136
9.667920
9.437607
9.107681
7.076585
9.680698
8.643115
5.820953
11.829389
10.367868
5.692024
12.053003