50
4
40.000000 40.000000
52.627357
51.368432
53.245437
50.301823
49.453041
45.865213
50.765155
46.260714
44.535442
45.618155
39.949451
41.543117
37.930422
37.654436
37.014182
37.142561
34.987401
32.363812
33.402655
33.353100
30.941918
33.970211
28.992824
25.517922
22.978768
23.858157
18.652229
19.124707
19.406834
18.133919
21.733581
21.412512
16.820945
18.825296
17.456091
12.393396
12.324589
11.702312
13.027591
11.840093
8.659970
13.605623
7.977651
8.904723
6.113926
7.258334
6.300192
9.897395
8.426585
9.336017