50
4
23.000000 22.000000
30.646309
28.730905
28.293009
25.224706
21.766264
22.922600
22.329051
22.349670
18.174488
20.088253
17.298057
12.005738
15.381539
12.482496
10.181331
13.083689
11.354968
8.367167
3.595172
6.730267
3.239726
6.442051
2.149611
5.221184
2.819468
5.397628
6.462362
0.930950
7.546521
9.361787
6.159644
7.021866
7.674327
12.885218
14.793109
12.775646
12.931677
14.570497
20.314095
17.123802
20.534323
28.594963
19.292874
19.153465
21.355305
22.635266
25.928669
25.460971
27.118847
26.905634