50
4
23.000000 22.000000
28.384953
26.001893
25.762822
26.851388
25.534130
25.782949
21.045292
19.098562
19.186846
19.404511
22.779808
15.021198
15.257875
11.217937
13.470304
6.657419
8.161203
7.776377
11.431393
8.442690
7.583900
2.238350
6.881613
5.262118
-0.784422
1.313184
3.611221
6.705138
3.768975
5.498289
6.437384
7.025267
12.602030
13.399690
10.220794
13.467794
14.200070
13.260105
18.379901
16.127071
20.007270
18.625107
21.520553
32.097630
26.671458
20.344013
22.075371
25.507522
29.539150
27.222477