50
4
75.000000 -30.000000
77.123981
78.121416
76.410555
78.987918
75.942847
74.086569
77.931818
74.666688
74.134855
74.179748
79.263084
74.140675
70.095878
76.452805
76.102215
78.492286
75.353969
74.422488
72.724480
74.410714
75.852479
76.321482
78.972307
78.492641
77.479814
76.383125
75.731500
76.997585
83.520172
78.191408
80.127821
79.686829
80.913776
75.987969
82.487545
84.252693
83.062052
82.304817
78.041325
81.185619
78.480418
84.173142
85.390362
85.774697
84.285215
83.392721
81.544721
89.842140
87.004792
84.297537