50
4
110.000000 110.000000
155.020413
150.900877
149.436098
148.415102
143.735691
144.477523
148.530757
143.612266
142.456875
141.437086
140.851581
137.085498
135.915370
134.739860
138.285361
139.191049
137.118750
131.240597
133.633290
132.889785
129.668808
126.064042
126.805751
123.795928
127.681447
120.173484
125.572811
119.638827
114.813648
119.204022
115.526690
116.964154
114.974704
113.934998
112.041826
116.910526
114.701601
112.395881
108.656726
106.681556
110.014510
104.235842
105.236502
103.213806
100.336410
97.808083
101.442522
101.994856
98.126920
94.553590