50
4
22.000000 22.000000
31.230838
28.065948
28.070186
23.467972
22.972703
23.589007
25.831240
17.964044
16.859384
20.166355
13.542013
14.134854
21.325314
11.667353
14.536257
10.764085
5.085965
4.806500
8.817667
7.940977
4.955004
6.772865
5.462863
3.234944
4.755809
1.050772
5.912330
5.452623
7.501607
7.963656
8.629445
8.319265
8.304688
11.049266
11.385918
15.468652
8.799961
12.045411
19.487936
16.244778
17.711616
20.790152
21.348768
26.477506
20.558197
21.829406
26.238510
31.101925
23.042579
30.343642