50
4
40.000000 40.000000
54.253434
51.695759
52.413931
47.372314
43.736443
47.019268
45.976850
39.936467
46.544659
44.631374
44.068358
40.167166
41.129872
38.212800
33.211633
33.944585
33.735207
30.845112
31.208181
28.747889
29.237805
27.363012
29.281813
23.705773
28.575798
21.738377
23.598274
18.658258
24.399976
22.315514
19.799112
15.218113
17.376079
18.595342
19.735619
16.338771
11.024134
10.111145
9.713667
11.234169
8.158361
9.450462
12.320394
7.652512
8.147467
4.499052
10.081012
5.224464
8.819013
9.544547