50
4
-65.000000 110.000000
125.292489
129.196248
129.792617
127.727313
127.946172
128.214827
125.732074
130.267532
126.911589
127.998303
128.117427
125.620706
122.891939
124.032361
122.034514
122.845272
125.029972
122.141063
121.590474
119.758262
124.072566
120.243916
120.726928
123.507165
118.753345
119.375680
122.522365
117.381473
120.947962
119.084413
116.975311
118.593243
118.118962
117.050709
118.368437
120.951866
118.699905
114.626547
118.262260
116.272216
117.655759
119.227266
117.361860
116.356546
114.101923
119.435161
116.373443
118.011980
115.934348
114.467117