50
4
5.000000 40.000000
41.514612
37.786028
38.178359
37.430457
31.776071
38.037101
38.377565
32.287804
31.996862
33.481784
30.179565
31.896254
30.654114
29.698362
26.494603
27.431711
25.995667
22.024720
25.729105
24.624165
22.157932
26.322746
23.990132
22.714404
22.554638
18.765408
20.740352
21.335331
16.884854
23.197911
21.480301
18.043817
22.143631
24.080408
24.527704
22.780079
21.184370
22.531309
21.382831
26.703244
23.071595
24.906818
27.261592
25.403958
27.423938
26.618434
28.035530
29.438736
34.249370
32.413111