50
4
145.000000 145.000000
200.856919
198.880784
201.338524
195.672146
201.483846
193.464390
192.901746
194.705848
195.716712
191.412939
185.621634
189.250731
191.283104
188.732135
187.527330
181.969283
182.031832
181.185581
177.725720
182.614301
180.724997
178.902091
172.997860
171.390653
175.883405
170.021560
171.807574
169.026755
168.151174
166.894851
172.712305
163.729051
168.731464
164.800331
163.885382
159.744278
160.408209
159.943421
160.275539
154.505917
157.136126
149.970710
151.591766
155.223676
149.492427
149.563007
150.054065
146.979193
149.510882
144.153004