50
4
22.000000 23.000000
31.657224
23.424250
29.893647
22.995021
24.411316
22.024478
23.654637
25.265702
20.682605
17.135319
19.760238
16.351274
18.508340
9.860100
11.859357
7.120832
9.927910
10.130299
8.508178
3.759375
5.234932
2.920914
3.786567
0.918439
3.502628
0.000000
3.156792
2.987286
4.472958
3.421775
8.473853
5.923768
9.045761
14.410513
7.938711
11.136321
15.089185
14.613137
17.724081
18.527464
17.112553
19.473789
20.882836
24.399112
25.541486
22.597267
20.785915
25.657561
28.329031
27.373218