50
4
23.000000 23.000000
35.379822
27.690401
28.763783
26.884917
24.972701
22.999222
24.431816
21.968605
20.977997
14.509911
21.519199
16.653153
14.365802
14.897745
13.632118
12.488984
11.006183
9.621427
6.528013
10.625988
3.923418
4.994331
1.228584
2.458862
6.862820
2.781912
4.030054
2.679478
4.851834
5.756266
3.925295
8.239609
7.368481
9.848131
9.394603
13.408681
16.087209
16.847932
14.880607
15.220072
19.112030
19.234758
18.014023
23.060110
23.359239
22.280135
26.747163
27.335676
25.853377
25.393813