50
4
145.000000 -100.000000
175.408742
171.932655
175.954742
176.248937
167.089990
169.929606
173.668597
170.122051
170.717385
171.247415
172.850566
174.991372
175.368131
172.659791
172.546255
176.765909
175.121343
171.788166
176.163730
177.269044
173.545969
178.236498
171.591395
176.954874
178.298327
177.887069
175.529835
179.485452
178.327016
175.000159
177.916014
177.911729
178.933953
179.550079
176.715737
179.317880
180.988883
178.135785
179.586075
180.195956
177.564333
185.082287
182.677263
183.949351
183.583774
186.656768
182.551390
183.841473
183.718841
179.183573