50
4
-30.000000 -30.000000
42.298004
46.094006
43.710096
48.135139
51.061254
50.996146
52.066631
51.248377
57.716927
57.614079
56.545188
57.743153
59.374233
60.786425
61.150568
67.512664
63.270916
62.258210
61.182788
64.795914
70.377094
71.012716
70.547638
76.373058
71.734338
74.983638
77.174697
79.704890
74.163526
80.953734
81.072529
79.724614
82.785797
87.757915
84.518986
86.912514
86.134841
90.055952
88.659826
88.914354
94.205568
95.035856
94.227264
95.368214
97.889856
95.694891
101.140230
103.789697
100.536980
101.839476