50
4
5.000000 40.000000
39.271223
38.794115
39.011981
39.940316
34.017780
31.497398
34.244272
34.740217
29.367633
30.908809
32.463791
29.631737
32.382799
32.475198
29.277413
25.232387
27.679911
24.428870
26.891150
27.008244
26.532065
23.525092
21.472133
20.299596
23.434186
16.877929
17.972207
23.936862
19.641772
20.199495
19.131629
17.555401
22.071078
20.194794
20.177924
20.194950
21.243271
20.595389
28.333715
22.265002
20.936499
28.809036
27.963533
29.458068
26.513753
24.557273
30.188154
33.063561
29.477685
33.334955