50
4
23.000000 23.000000
30.543574
22.969832
27.753000
26.308287
28.585476
26.502406
25.734929
23.450804
18.780025
17.156898
20.166253
14.075541
17.680750
12.885382
14.811448
13.889162
13.252133
11.814060
10.328009
1.808297
7.862837
6.803519
3.048878
-0.223090
1.586730
2.016292
-1.203467
4.987932
5.794281
2.631573
6.719891
7.190008
9.747844
13.582264
12.276229
9.870086
10.288911
12.388126
13.044105
18.467443
14.004012
22.322853
21.562420
19.134664
21.139572
22.388966
24.868683
24.620510
23.805587
27.056994