50
4
23.000000 23.000000
28.785218
27.345397
29.265472
24.405972
28.482848
19.102586
20.076822
21.025570
19.590642
15.221533
19.731271
19.114998
17.543722
12.041348
13.096504
11.548966
5.837069
8.716684
6.069600
9.078896
6.878245
8.629336
5.117844
4.172441
5.121306
6.719595
-0.254334
1.548038
10.219303
10.042599
7.786983
8.607881
7.343962
10.168184
9.849444
12.640704
7.452957
16.342605
20.761831
20.647332
15.318001
17.725789
23.985146
23.760156
23.407178
19.164816
23.398781
24.007850
26.629648
26.061997