50
4
75.000000 -30.000000
75.163328
72.197948
76.956379
78.845092
76.791858
76.872215
75.886448
78.419959
74.780015
74.419344
74.505423
74.286773
78.371992
72.529313
79.266414
78.074620
79.007446
73.694974
73.034241
77.236437
75.331794
79.375093
78.208633
74.454990
77.736923
75.037826
79.304736
76.292436
76.894380
83.250485
77.374131
81.543964
77.215029
81.503203
80.941172
79.240837
80.997144
82.317849
83.200503
81.502632
88.318647
83.209960
82.661821
87.839496
84.962134
85.576907
83.333282
87.963151
86.465918
87.970119