50
4
22.000000 23.000000
29.040256
26.584719
29.666365
25.095145
23.010478
23.627686
16.004102
18.138073
16.597775
15.363133
13.620551
14.033940
14.869468
10.684341
13.951501
14.298111
13.320709
8.766810
12.494775
8.655387
7.130690
6.907267
1.297204
1.445244
6.023811
3.212791
3.733173
5.459597
7.546175
6.618004
10.059293
14.240985
8.701489
9.922852
9.186881
13.661356
16.414663
15.895250
14.100010
22.222454
15.982126
19.267060
19.362483
23.782271
24.280107
19.462678
22.583713
25.683893
28.782665
29.901498