50
4
23.000000 23.000000
33.398578
28.036680
27.216188
24.228775
26.362576
26.801949
20.439898
22.247786
20.706844
17.751651
19.421795
15.947585
17.243954
14.727848
11.718648
13.670684
14.311264
12.298550
9.604524
5.635402
5.095839
3.665456
4.657266
2.940764
4.236349
6.398003
4.037227
-1.451531
6.333834
8.956493
7.071233
11.733763
8.372961
11.748628
8.815647
12.828947
11.925571
12.611159
13.909999
11.730824
15.713108
17.996662
17.420114
24.383196
19.057009
28.482238
25.447754
27.694245
20.927496
29.969990