50
4
22.000000 23.000000
27.345473
26.307068
25.471995
21.276153
21.279488
21.685499
18.354869
21.859607
19.812102
17.348324
14.261736
13.749550
14.303643
11.691117
15.472119
10.698100
5.688484
9.335265
7.638749
8.945495
7.101601
2.560762
6.870836
3.998209
2.979336
2.423630
3.545612
2.215681
8.319982
5.703935
7.441062
8.575402
9.950904
10.226156
12.071018
10.352860
16.196220
11.855143
14.391622
16.313577
18.256630
21.553825
17.360121
19.162531
24.077962
28.177362
23.944077
23.540478
27.644106
23.912862