50
4
-30.000000 75.000000
83.587976
83.197543
80.117011
86.169497
80.998597
82.994279
80.650770
80.963433
80.815013
72.904485
76.850266
77.847132
82.223096
79.580302
75.071910
74.751087
72.123188
75.335611
72.958369
72.871639
73.355658
73.787774
73.529308
67.662342
69.874798
71.905500
71.712667
72.404920
69.145980
72.543015
67.888233
65.880275
68.174053
67.683968
68.371061
66.562549
71.098373
68.314994
74.738434
68.266523
72.011089
66.574725
71.803854
70.739041
70.216856
68.888023
67.061972
73.951938
69.811530
70.975763