50
4
40.000000 5.000000
36.518248
37.034291
33.853624
35.986538
32.319680
32.550161
31.801255
30.504524
32.113916
30.545093
30.621002
30.603096
28.217714
32.700950
28.326283
26.956817
29.474350
28.904405
30.858021
27.393131
25.551512
25.971116
26.613427
27.412968
27.159214
29.741073
27.243748
28.247444
29.334634
29.472319
29.357523
35.344164
29.150540
34.407205
28.737508
28.882260
34.035960
34.192174
37.965609
32.505896
39.490593
35.754023
38.539724
39.755323
35.657835
39.496359
39.681980
39.003087
45.426448
44.597343