50
4
40.000000 5.000000
32.326126
30.763757
35.739442
31.078179
30.974454
32.339929
29.558791
33.044703
29.880193
30.148252
33.974235
29.529768
28.118822
30.800298
28.616257
28.698480
25.050478
25.561622
23.955951
25.379027
29.960128
33.216736
26.903186
28.175178
31.756096
24.488657
27.952216
30.748942
27.870154
30.982397
26.160697
32.950307
31.199226
35.527655
33.638630
32.885813
33.506264
33.223669
36.033356
35.148189
37.886058
36.138090
35.712933
39.554157
34.393638
38.648089
39.107365
45.599134
41.595460
42.506354