50
4
22.000000 22.000000
26.062390
27.812996
21.859405
23.787355
19.495510
19.603048
22.059875
19.607245
16.157123
18.187713
14.732141
6.276732
14.966991
11.006411
11.150616
8.376229
10.847065
7.299066
2.254250
6.872440
6.209593
2.814992
2.839135
3.380460
6.214675
6.881585
5.052185
-0.776844
6.572451
7.822329
7.426837
12.034707
11.404281
12.785234
9.203381
11.486624
14.504729
17.037871
20.894723
17.965309
20.088232
19.804454
23.879071
23.390275
27.454499
24.891394
24.973401
25.311948
28.456698
27.842415