50
4
-30.000000 -30.000000
47.464425
44.900938
50.366623
49.726338
52.824663
51.163151
52.893961
56.883585
55.711748
57.652147
61.031050
55.551215
57.671533
59.860182
58.604930
61.944874
61.909967
68.886250
63.001163
66.338714
66.956140
70.283468
70.482725
74.582376
74.446150
76.334646
79.294597
75.477814
80.094955
78.521007
79.461340
79.551965
82.585481
85.069163
84.576881
84.341472
88.988967
92.421247
88.740236
92.675200
88.482485
93.190007
93.543014
99.241979
99.928734
100.475650
99.372695
104.518522
101.738904
102.451928