50
4
75.000000 -30.000000
78.214655
74.617527
77.722626
76.024300
75.127611
75.265906
76.861507
77.469880
76.205866
74.852009
75.551256
77.176954
75.228986
74.303109
75.743910
74.382152
78.452635
71.186847
77.792942
77.695883
77.378384
76.057884
78.130011
75.039176
77.305045
83.434687
74.485654
82.812360
80.747458
77.617716
80.354875
81.376894
79.419213
81.602953
83.352747
84.307808
83.697717
81.255180
77.838201
77.411595
85.300277
85.087212
84.044223
87.145235
83.017029
86.056490
81.940837
85.868815
89.643243
85.317813