50
4
110.000000 -65.000000
127.320219
123.371829
119.620557
123.355980
123.967243
122.995667
124.816124
124.689699
123.728446
126.463739
126.816476
123.788863
123.470937
127.293543
124.394555
127.882409
126.548210
124.091253
124.353521
122.923630
121.341136
127.010573
127.335134
127.522358
127.209095
128.416981
126.620973
128.886955
130.250123
126.139028
129.299201
124.749534
134.929831
131.056175
127.683099
131.179613
133.035164
129.275979
130.112534
129.817693
130.725051
131.521303
134.846126
131.004927
134.525892
133.615320
130.601380
135.349680
138.083893
135.020914