50
4
5.000000 40.000000
39.797966
40.614313
40.956931
37.459201
40.199881
34.637011
35.612371
35.800261
33.211456
33.625253
27.592212
27.939007
32.050236
27.386813
28.571546
24.750378
31.237464
25.057521
27.978846
24.254213
23.326854
20.602379
25.579544
23.874010
20.090812
23.018838
22.428476
21.777865
22.766247
21.827637
22.889454
23.104018
23.298766
21.925198
21.373694
24.479622
21.116429
28.498050
27.411145
24.733789
23.897363
25.448078
29.282782
24.241912
27.154978
30.763497
27.520107
29.923450
34.680684
34.665354