50
4
22.000000 23.000000
29.063605
30.901994
29.538766
21.341958
28.428179
24.232045
21.318765
21.905347
18.860275
18.399070
16.795349
20.715264
22.047103
14.174168
10.369070
9.118315
8.185991
6.051097
6.669473
6.531200
6.998069
5.086429
5.124638
0.443947
5.999909
0.403124
1.613374
2.279873
8.107845
7.967037
11.360486
10.654330
6.459378
12.525363
14.632263
16.760657
11.025685
17.693646
21.908253
17.552860
16.417473
21.294655
20.325149
20.308836
20.808650
23.446131
28.615345
24.769592
30.003979
24.079297