50
4
-30.000000 75.000000
86.039915
79.542197
85.878614
80.809463
80.434843
81.078956
79.232231
78.031341
77.937885
74.643794
77.107545
76.445041
73.076681
75.664030
72.612335
75.452036
69.882243
74.035169
73.357574
76.122117
76.054381
72.286487
71.642469
71.712724
70.873113
71.601506
69.725122
69.676925
67.867002
68.809017
67.392003
72.331737
63.878863
64.419601
67.990143
69.188533
70.340143
68.010631
74.635779
67.862812
69.322099
73.158421
70.517933
72.816162
70.180147
72.922309
68.751468
67.648320
70.082354
68.934648