50
4
-30.000000 -30.000000
48.430620
41.340776
47.514948
49.000454
46.478617
52.288029
54.239267
53.583314
53.909601
52.664282
59.202703
60.371794
63.422521
56.855124
61.492260
61.908527
65.951967
67.618484
68.391905
66.547739
71.279389
73.419623
74.049645
72.335205
71.705215
76.549771
75.921061
72.324842
76.762164
80.587724
78.481373
81.857352
83.012152
84.067639
83.524611
90.231569
84.924299
88.777870
90.360648
93.341059
91.348166
92.210785
96.556021
97.056790
94.052932
95.533663
97.468768
95.530066
100.091715
102.618261