50
4
5.000000 5.000000
8.909166
8.527849
2.095941
0.200875
4.167731
1.148714
2.419371
3.518123
3.529038
7.404642
5.815398
9.384085
13.110214
10.796310
12.872162
14.946144
14.858801
20.871183
13.647161
14.339455
18.833835
20.391583
23.014143
24.724151
20.204564
21.906774
28.865834
28.872807
28.631135
28.703129
33.091144
34.910525
27.299004
36.266156
33.894253
36.814909
37.213947
38.340976
41.866671
42.440306
44.530157
42.896134
42.656184
48.143069
48.173753
50.978832
54.337234
49.889245
54.983668
52.152798