50
4
-30.000000 75.000000
78.303461
81.621085
83.805141
82.760858
83.708782
78.054278
79.496158
78.900627
73.431922
79.447724
77.481431
74.868350
76.292969
70.206094
81.256509
76.572872
75.338430
74.217100
73.688921
72.923334
70.069288
74.445585
73.716044
71.243026
75.595394
69.417923
70.263132
69.325576
67.595710
67.250582
71.737764
70.016368
65.218694
69.763735
70.741918
68.938661
69.398146
69.457062
66.084020
68.097075
71.651532
68.036173
69.152443
71.624482
73.571343
69.078013
66.190107
71.902840
69.888436
71.786567