50
4
40.000000 40.000000
53.205235
52.380011
52.496485
51.621140
45.235712
52.896980
43.871309
47.055212
43.611510
42.820565
43.596470
43.493507
39.820003
42.668409
37.616631
35.412914
34.396476
32.461491
36.001611
31.362322
29.677931
28.254484
25.077144
28.711065
24.105191
23.052270
25.666642
21.582268
20.630369
20.624660
23.742193
18.268504
13.870339
16.340055
13.006713
11.937099
13.314743
10.248951
14.050353
11.998885
8.573136
8.651395
9.596836
5.869908
5.994086
10.530305
6.562174
9.839170
10.865957
5.989858