50
4
23.000000 23.000000
27.620337
26.607170
24.404697
30.315196
23.695831
24.733311
25.229171
21.876285
23.300619
23.012695
15.127907
17.448906
14.642686
16.841884
14.780223
9.199383
9.957110
10.036139
11.545740
9.197726
4.307680
4.094953
4.206373
3.263743
3.826259
0.952353
8.777028
6.443806
4.207331
5.436699
5.592299
8.940050
7.505499
10.825269
15.082469
17.855314
11.392051
21.738972
14.988502
19.531312
18.800817
17.602605
25.412756
19.651035
20.875986
19.199753
25.280864
23.175674
25.528394
28.253469