50
4
5.000000 5.000000
4.540523
4.453893
3.911013
-1.970227
0.987045
3.951667
2.620543
6.287090
5.293504
8.645892
6.954026
9.709708
9.083041
11.945216
12.037457
14.268201
18.396818
15.709650
17.043651
18.224507
13.444809
18.730183
19.220115
22.399870
20.431688
22.674779
25.385410
26.961861
28.798938
30.868808
29.948374
35.956134
33.354133
32.618788
31.278179
39.365307
35.174833
37.366109
41.810214
43.196984
39.514626
45.244588
45.759043
48.001198
46.390873
45.208622
49.223858
49.210826
52.493578
48.978931