50
4
5.000000 5.000000
5.681818
3.209742
3.021375
8.733063
4.570895
0.032967
1.326860
4.189043
2.911941
4.331453
7.041616
5.451356
9.313988
9.010835
14.807136
14.933372
14.514251
17.771247
10.444147
18.366609
16.705248
21.004003
20.993308
19.935633
25.249417
28.421007
26.826946
29.776101
28.991072
30.628540
32.848577
35.196501
31.002995
40.479713
33.519621
37.150807
35.045521
41.462669
38.119202
36.606221
40.794498
44.213020
43.973695
44.774741
42.283784
50.861523
48.252675
49.670785
54.517702
54.017590