50
4
-30.000000 75.000000
84.151559
80.394764
84.558798
77.639319
76.869553
78.822469
79.706565
78.767859
80.674640
78.578067
74.540147
76.118313
76.005267
73.730746
72.546228
76.270910
77.197235
72.607684
72.804188
72.975128
75.920833
74.939629
72.251388
73.635190
68.742535
66.344347
74.043780
70.135265
73.026171
70.900086
68.280084
67.770638
70.323748
73.260381
67.857085
71.518150
69.441336
62.734307
67.420906
70.937116
68.624772
67.215449
69.702873
65.407763
68.933468
69.137368
72.966570
72.205588
69.542426
71.093484