50
4
40.000000 40.000000
54.652435
53.954901
52.227496
52.750935
50.800604
49.895019
51.847745
42.814128
45.304722
38.753888
43.154918
41.246293
37.511029
38.101584
35.528751
36.343592
38.620441
32.691855
31.825764
34.741996
29.094409
29.128460
28.472654
28.044426
25.362885
27.639708
27.826995
23.056041
17.062390
20.918320
20.822254
18.418976
15.557138
18.334401
12.040389
10.203547
14.202864
13.502917
10.276996
8.464859
6.933476
9.803066
9.417701
11.418288
11.369241
10.921616
8.631177
11.642676
8.979294
9.141493