50
4
-30.000000 75.000000
82.021811
79.366801
80.455183
80.744960
85.853228
79.313512
77.300594
77.170175
77.624711
79.336957
76.199060
73.377073
73.987306
71.371516
72.859476
75.185383
76.324612
75.445884
74.114532
70.571228
79.463602
77.596195
70.667397
71.633017
75.434342
71.078980
70.956296
70.009590
71.262129
65.907274
65.962790
66.546907
67.920567
70.244941
71.539493
69.198418
75.510643
72.401851
71.210362
73.880049
66.878149
64.023321
71.112253
69.189852
69.145122
69.382386
68.728977
73.143687
69.686314
72.312838