50
4
22.000000 22.000000
30.026088
27.159778
30.991197
21.038782
24.777361
25.724486
21.449739
19.343637
16.574044
16.543384
17.665576
17.834816
13.709199
12.004533
11.642500
7.037538
11.042215
5.571157
8.435912
5.411483
4.155741
2.705299
0.017619
0.971474
1.575331
0.674016
4.572812
3.895524
4.703066
8.254333
5.140482
9.803273
11.043942
7.517926
13.742752
15.882707
15.628156
16.426482
17.041253
19.342626
18.211135
18.898354
22.207292
25.806192
20.312768
25.148846
26.900640
26.884915
28.686212
29.925989