50
4
110.000000 -65.000000
125.131787
121.300354
125.476821
123.603488
123.387442
124.543035
125.472513
124.679432
120.576415
122.409506
123.189959
121.999683
123.902227
127.692022
119.513524
127.272791
122.419417
130.902150
129.658805
122.137534
124.159951
128.401405
121.529697
128.271008
123.946910
129.878106
128.978080
127.973735
132.451557
129.190482
124.906468
127.972135
129.277457
130.208813
127.284906
127.692038
128.038082
132.149302
127.967572
130.907731
133.161959
136.596447
132.246585
128.721026
133.789349
136.669096
131.420736
134.745541
135.221003
135.929166