50
4
23.000000 23.000000
30.379981
31.975511
27.595819
27.831225
23.083609
23.495210
20.803336
24.137670
19.008668
16.100866
15.297188
17.257696
15.339387
15.155399
13.748475
15.413563
13.802949
8.257118
5.267252
6.029027
2.091411
3.209841
6.572498
5.442101
-2.601196
3.595909
2.172939
0.791583
3.880270
9.711020
4.939485
11.347549
9.488023
13.243297
9.254803
14.040596
12.929358
9.624131
11.633898
17.793954
14.819023
21.867066
22.081618
21.801414
26.305372
20.100863
23.367997
22.389655
28.297586
27.746404