50
4
110.000000 110.000000
153.383551
152.688141
149.058184
145.745674
146.997269
142.750073
145.856055
142.575897
144.858503
141.198278
139.556603
139.981692
139.685885
135.729480
135.816387
137.389438
131.668602
133.367654
129.507609
128.864082
125.732801
128.608204
127.375038
126.781708
122.815832
121.640519
117.612140
125.779162
122.248426
116.285546
119.347575
118.336558
112.661331
112.741237
113.125701
112.442685
108.374060
110.170367
105.030484
104.081723
105.020592
102.274013
101.719294
100.461507
103.387771
100.570604
101.945347
98.479128
97.410362
97.776042