50
4
23.000000 22.000000
29.417980
28.389122
24.812710
21.419351
27.066343
23.772916
21.173941
19.551430
20.618399
20.539226
17.460339
16.168399
12.963799
16.900183
14.037721
11.983333
10.146461
4.535820
8.240723
8.114337
5.484602
4.746863
10.178743
2.326617
4.715143
4.726290
11.195836
3.889082
4.539670
5.914278
7.874997
12.223851
12.736020
11.670399
13.896722
13.037975
12.378641
12.629000
17.763940
16.994139
21.313819
20.715896
21.748594
24.356803
21.979267
23.931094
27.762123
25.281722
27.739501
28.804666