50
4
-30.000000 -30.000000
50.861558
47.909636
47.689196
45.641221
49.630223
50.118137
51.352561
52.256279
54.748212
56.322729
58.896064
58.524925
62.457669
57.661039
57.999643
62.856736
66.367002
65.660850
64.193562
70.762172
73.246280
70.684094
76.700145
73.010134
69.621628
73.385436
76.449354
79.173621
78.263488
80.946878
77.296734
81.781739
84.454655
84.224112
86.753096
84.357261
84.897536
84.925257
90.244089
90.268150
96.172629
96.808823
96.540536
96.645138
101.768782
96.462301
97.957947
101.535721
103.012501
95.316365