50
4
5.000000 40.000000
39.261145
39.116956
37.464153
39.046733
36.132779
33.586685
34.521490
34.796584
32.051336
32.883541
29.433368
34.927686
28.278109
26.408651
30.153729
25.762342
21.825398
21.280216
24.109120
25.568509
22.173218
20.533164
24.088066
27.788557
23.133716
20.688223
21.953716
17.761559
23.528724
21.123836
20.365725
16.269439
22.583465
23.654433
21.077356
18.734623
23.023380
20.816711
23.066959
23.945909
26.264285
25.037024
28.462502
24.826603
25.993488
27.787018
27.908899
32.497510
26.703888
33.734057