50
4
-65.000000 110.000000
127.749199
128.280335
133.844501
128.011780
124.555290
128.017829
124.932592
126.869672
125.260373
124.861626
123.128047
126.851709
127.561377
125.219670
121.563231
126.987085
123.489403
122.144822
123.537819
127.146825
121.336295
121.084075
118.742020
122.065464
116.640479
114.226767
122.057236
121.274579
120.502901
118.498460
117.010688
116.586574
116.492673
121.262545
119.168139
118.840746
119.326518
117.862430
121.040208
117.620014
113.002950
117.890246
117.211880
115.593603
121.366264
119.921054
120.168258
120.269996
120.685747
118.597156