50
4
5.000000 5.000000
5.602205
2.586333
-1.232310
4.641225
4.320400
3.139236
4.158038
8.904932
1.754457
3.544752
7.774550
9.122967
6.841509
11.966277
12.202692
14.463928
14.421513
16.729375
18.333058
19.984253
20.411681
21.525525
21.572747
20.913011
26.875433
28.268931
27.996994
28.329144
28.826140
29.570920
32.727915
34.781227
38.748947
40.791259
35.669165
38.794522
36.268694
36.401608
40.669151
41.214621
43.383671
42.568682
44.638721
47.524267
48.453953
46.242222
51.216545
49.717500
50.848098
51.386449