50
4
22.000000 23.000000
27.695570
25.130696
28.153493
23.147278
24.228791
24.316103
23.372633
19.497926
18.671094
19.491163
17.410551
14.977998
12.611574
11.600033
12.121448
7.690098
7.921868
8.166277
7.073930
4.892354
6.629657
4.812231
3.807788
4.324625
4.537566
1.259170
6.173099
4.279910
5.456415
6.739263
6.176435
11.125676
10.514208
9.732311
15.143579
15.533625
15.285502
14.401352
14.695843
19.798707
18.194958
22.364112
20.850274
21.014124
20.673892
21.269883
23.669300
26.657415
26.780125
25.840072