50
4
23.000000 23.000000
35.483809
25.932424
26.534324
26.535016
28.100627
26.771278
22.585335
19.452339
21.047230
19.403182
17.618345
17.731096
13.951881
10.914147
11.926381
18.263830
11.483965
11.022901
6.911068
8.050876
10.536636
4.698481
5.580512
6.003059
8.405977
3.640921
0.564490
7.113845
5.685816
5.078219
5.153599
7.123691
7.030420
8.730162
12.216703
11.409316
9.717070
9.967645
15.268616
16.281254
18.212198
21.902837
19.283200
20.806910
23.333001
25.161355
23.198025
28.214081
25.655883
24.916973