50
4
22.000000 22.000000
28.726338
27.105691
31.057790
23.374778
28.029742
19.870184
14.516032
18.053412
22.247304
19.145681
23.451318
14.849214
11.455412
10.907062
7.751551
12.159760
11.335169
9.142947
8.697476
5.578056
4.680463
4.974759
6.892043
2.907549
3.126342
2.337494
-1.495132
7.534274
7.685096
9.043721
9.283792
8.943983
10.207262
14.593347
9.272377
14.642508
12.526601
13.914908
16.123290
20.171317
20.651723
22.000096
24.076802
19.743168
21.798866
24.241135
23.211823
26.045274
32.453623
31.685159