50
4
40.000000 40.000000
51.852746
54.966554
47.498256
50.494049
48.928395
48.488223
46.133986
46.759123
43.786439
46.507559
41.512203
41.843265
35.724265
38.277364
34.593489
33.424916
35.973148
30.949118
31.444262
33.239403
27.538629
28.412841
25.035903
26.403622
24.069765
26.739238
24.847595
22.340975
18.923194
19.590752
21.875725
21.465825
19.895655
15.360347
10.951191
12.686393
12.493293
11.181397
11.129642
11.277267
12.388474
8.965681
10.153350
9.312207
6.871177
5.141319
6.582304
8.642988
9.876113
11.594683