50
4
-65.000000 110.000000
129.091167
129.253529
126.659742
127.739277
128.044647
127.194863
127.277597
127.728668
126.614749
129.053472
127.538206
123.061891
124.298788
125.735712
126.232196
122.510138
121.824851
123.549200
123.292408
125.574522
120.254763
120.778689
122.434846
119.955886
122.534028
122.282929
117.685590
120.086953
125.763826
117.635040
118.071403
121.443844
120.509736
118.343560
117.658928
114.336940
119.186064
118.877445
115.808631
116.042726
115.061995
117.938729
117.015058
119.528491
114.828732
117.499011
117.951366
116.651924
118.370921
118.192111