50
4
23.000000 22.000000
27.839886
24.879612
24.572694
23.777401
21.978254
24.467742
22.709161
20.545789
24.553150
20.927905
19.380455
17.846621
14.567999
11.643787
13.060565
9.129425
9.081681
10.961580
4.813644
6.983391
7.574314
7.491899
6.285804
5.667089
4.352177
2.531920
8.462728
4.486981
9.241662
9.581992
4.288771
7.222270
8.499068
12.445633
9.177617
8.077213
17.218107
13.870463
12.963339
17.614580
20.370810
21.293510
21.357673
22.868116
25.272083
21.406787
21.417373
27.268482
27.685515
27.677822