50
4
-30.000000 75.000000
84.173247
81.807046
83.242824
76.206080
80.723202
81.903837
77.109176
79.942364
76.518850
80.010901
78.672468
75.343032
77.240506
75.541371
77.600957
71.795711
70.063976
74.013820
69.198060
73.902730
73.698680
71.491863
72.059932
71.738557
71.288587
70.514582
72.138607
70.458430
68.248317
68.774962
70.924743
70.760284
69.684487
69.825311
67.030396
67.798685
67.417396
67.157827
65.543251
67.517103
69.285582
71.927591
70.873414
72.254465
74.913940
71.017498
70.938386
74.206001
68.918816
73.391626