50
4
-65.000000 -65.000000
94.404316
97.179419
97.499112
99.400607
93.719250
100.197648
100.424259
99.086625
104.599450
105.807894
111.742614
106.700108
108.114543
112.099804
112.943060
115.589911
113.117814
111.795349
116.889620
115.882002
115.386041
113.984221
120.262804
121.806392
118.102343
127.626945
123.723492
122.085686
127.865614
125.881575
133.741953
132.708077
136.032210
134.594646
133.160046
135.845141
134.304947
132.229886
136.313082
140.535733
144.240128
140.000220
143.765475
145.001983
142.504297
144.454146
150.662908
146.985152
150.749662
152.807687