50
4
145.000000 -100.000000
173.962551
169.086651
174.339538
170.466603
171.651920
169.318813
175.428022
168.845227
171.075197
171.502608
170.503848
173.176330
172.868235
174.010994
174.324498
176.949491
172.657068
175.305302
174.013059
176.474344
175.932093
173.503465
174.502640
179.408705
175.991754
177.405255
179.590182
178.818874
174.412171
177.713036
174.869979
178.080398
174.993692
177.344550
180.332617
182.614590
182.953714
184.005996
180.116826
179.784669
181.883210
181.404367
184.482889
179.524704
184.011360
186.815522
181.096552
182.906243
181.854547
182.948199