50
4
-30.000000 -30.000000
49.257305
46.248681
48.737824
51.350402
49.555381
51.547707
51.170020
56.287391
55.220303
58.600980
53.137937
57.146037
61.511841
64.579432
64.586585
63.067229
62.927623
66.761896
66.874373
68.405823
68.140096
70.049718
73.410661
75.723910
75.737506
74.363865
71.996978
76.553494
80.212600
79.776162
81.911893
81.427882
81.630184
86.334042
84.928064
87.362520
87.425094
90.311910
87.621054
91.424864
88.226655
92.315214
96.692792
94.930829
94.552042
94.643882
100.497046
95.966376
98.400393
99.802928