50
4
23.000000 23.000000
26.631956
28.737474
27.354578
28.963286
23.083583
17.481091
20.327321
19.892689
19.651931
19.170479
18.781075
14.087365
17.870672
14.814689
17.183386
11.898513
11.385474
9.928101
9.149172
8.340124
7.655228
7.557966
6.358042
5.755006
2.796162
4.825766
4.366657
5.845358
6.380231
6.601349
4.974093
9.513089
8.134442
6.597157
12.269946
7.047803
12.303721
9.645389
15.410218
18.310161
16.639243
16.392866
21.524462
22.493630
22.318485
19.837705
23.093699
25.075066
28.294757
30.664737