50
4
5.000000 40.000000
43.364835
41.638393
36.740960
35.743048
35.510936
32.152970
31.022336
29.766885
33.371522
34.528795
28.643951
32.300738
27.115964
29.026566
26.181341
27.814180
30.753352
27.140148
21.182990
23.339438
25.566086
22.639047
23.078841
23.950564
24.073482
22.017668
19.587010
21.822627
24.147554
21.393380
21.063884
22.205545
21.247148
18.432766
21.754555
20.024183
24.565953
22.218835
21.854959
26.624512
26.785463
26.991957
26.791975
27.248560
30.986892
28.541523
31.303072
31.645139
28.850226
32.021540