50
4
22.000000 22.000000
29.748292
25.154187
24.621528
28.987077
24.704801
24.370131
20.786794
14.555669
18.795537
18.103935
12.228860
15.015470
15.438807
11.451792
13.668508
11.271221
9.209600
6.697101
8.809884
6.450845
8.254545
6.582703
0.974532
5.405451
1.974846
1.612118
6.622680
6.864541
4.491815
8.011601
6.348681
11.303891
7.492535
10.837975
12.775388
16.487164
17.717176
11.588200
17.407352
18.921792
19.147713
16.866117
22.847113
20.148170
23.983459
23.803813
25.839012
27.899792
28.387586
30.766729