50
4
23.000000 22.000000
25.724350
30.145754
26.882933
27.959644
23.745378
24.260231
21.575725
21.063976
19.453952
17.164471
15.805660
14.629963
10.834874
13.694050
10.458825
13.957819
11.551744
5.070460
5.318668
6.299808
5.473132
4.359258
3.165314
4.514276
0.000000
5.373761
4.263501
5.343408
8.011268
10.044067
8.302038
10.211475
11.003376
13.034023
8.904600
12.507887
15.625489
15.081308
17.854736
18.546944
19.070295
20.286275
19.853713
17.808765
26.928148
25.415437
26.276865
22.327800
26.896763
32.158572