50
4
40.000000 5.000000
40.425790
35.130764
32.776797
33.880887
31.067807
30.420481
28.262849
29.193725
30.334795
30.561969
32.105480
25.582688
30.719386
27.523252
26.218847
30.664473
28.543243
28.842010
26.169963
28.830138
27.933961
24.088206
25.249495
28.667663
30.427508
27.395391
24.239704
32.578864
29.412219
31.859174
30.961757
29.614203
31.737470
32.369111
32.129436
33.330685
39.863645
33.831468
34.978633
34.988029
36.166016
34.174093
38.879674
39.557934
43.322567
39.576007
42.266966
41.804220
41.297625
41.259075