50
4
23.000000 22.000000
28.811634
25.908340
26.674578
21.748657
28.208504
20.808667
25.924264
19.055724
20.649149
19.903351
18.925423
20.635528
17.763494
12.301818
14.907317
8.108611
9.092747
10.925964
6.068048
8.114373
7.913898
8.102832
5.301388
4.932663
0.329539
2.911213
-0.182501
5.263125
7.283259
9.835271
9.650287
5.376989
12.039868
8.301819
8.738765
14.855870
18.109813
12.403772
11.457436
13.920692
19.132868
19.682851
20.880788
22.609457
23.394312
24.312403
26.825292
30.461439
30.299140
32.422311