50
4
-65.000000 110.000000
128.535388
132.108790
127.832803
127.244506
130.436917
128.338314
126.586865
129.795884
125.814104
125.753288
121.589856
124.021901
128.642904
123.340659
122.568233
124.271254
121.599894
119.536297
121.483026
123.252899
120.044765
122.514540
115.724692
113.813049
122.841979
116.078244
120.208461
116.919986
119.467221
114.791639
123.144126
118.569617
114.280298
118.823364
122.529908
118.983095
119.091023
114.325396
119.576267
117.705095
120.117738
120.606174
116.024489
116.093547
117.361329
119.203998
118.824275
121.407373
118.117002
119.694048