50
4
145.000000 -100.000000
175.586714
174.502457
173.261680
171.748752
175.108239
170.865803
171.965107
173.201118
172.928879
174.628723
173.982802
170.610436
169.973130
174.776590
176.407232
174.611621
174.320575
179.043830
171.351250
179.613726
176.952504
174.670775
173.658595
174.863884
175.927069
172.614911
180.172304
175.656667
176.409349
178.966747
176.490377
180.144393
177.913434
179.685853
179.874803
180.867824
181.265988
178.482544
183.318936
184.666449
182.993886
181.995950
179.934018
180.384225
178.994652
182.628153
187.880873
183.440186
183.442497
182.827595