50
4
145.000000 145.000000
203.897181
204.777727
201.789041
196.097433
198.706959
196.059186
195.963100
193.413186
193.910145
189.765537
187.897234
192.075566
186.149736
189.054017
184.829464
185.025360
181.770444
182.725087
181.875957
179.251891
178.660823
178.269242
180.242214
175.428409
174.573951
170.966853
172.166836
174.908233
169.382508
168.456371
168.804043
166.357329
165.251233
164.144525
162.466202
161.551346
160.484522
156.597240
157.589133
157.793993
154.624645
158.388038
155.312653
150.449108
148.636723
149.322811
149.389182
146.395401
143.746670
144.497269