50
4
110.000000 110.000000
157.424614
145.796480
149.170997
149.733374
148.914511
149.703056
144.647091
144.046790
143.502981
140.349416
142.645604
141.188478
136.696945
136.014604
139.519511
135.360745
133.111708
134.092814
131.758072
129.515597
130.300134
126.744159
127.634982
124.466045
129.464017
123.420916
121.561357
118.136111
123.579007
118.860743
119.117770
118.350298
115.533585
111.341310
114.376548
111.633376
110.448138
107.145772
110.177780
108.750963
104.669362
109.708279
104.420069
106.069366
101.350494
100.730185
99.081599
97.802688
100.287559
97.065484