50
4
5.000000 5.000000
4.715090
7.226198
6.803903
4.672441
0.008839
2.394135
5.402036
4.473469
3.181004
6.492768
6.904819
10.760871
7.667386
13.727099
14.337805
15.108295
16.089325
16.965027
19.081806
16.900254
18.926305
18.825520
23.183598
25.242623
26.777497
25.202975
28.722404
29.505147
27.429086
30.734426
35.097740
33.434667
36.937077
34.331862
35.202786
37.851124
40.496859
39.666266
42.887639
42.259443
41.283518
44.478174
48.758944
45.474916
44.915734
50.957450
49.031822
49.423010
50.448100
53.089391