50
4
110.000000 -65.000000
124.093796
122.075746
124.309257
125.806727
128.544612
126.287491
120.334127
120.753328
122.411346
121.020059
119.924351
124.406401
124.984970
126.530793
125.984936
126.376900
127.311548
124.709837
125.698887
123.714432
128.872874
127.402375
125.756743
124.172235
125.556591
127.939617
126.052411
123.150800
129.758449
127.013577
126.387091
131.825937
129.212230
130.913840
130.532094
124.505111
127.360785
133.580882
133.085408
134.051092
134.352448
133.300730
131.632464
133.788721
127.902591
135.348682
136.438395
137.121896
136.107251
131.085719