50
4
-30.000000 -30.000000
43.491854
46.428612
49.106131
48.250713
52.591556
46.345304
52.509419
55.687492
52.234489
58.001964
55.876893
56.478848
56.958195
63.195271
59.079512
66.126836
64.614693
63.871356
65.906095
68.116083
65.921113
71.448817
72.194255
73.967346
77.603038
78.979530
78.678944
75.923776
80.646185
78.230073
81.323731
84.214977
78.495107
86.058713
88.038006
87.270907
87.880314
92.402941
88.481930
87.963789
90.160102
92.087723
100.430269
94.039805
93.007991
100.084106
95.794144
103.666871
99.186039
95.434371