50
4
-30.000000 75.000000
86.389326
84.282387
80.520677
81.918564
78.790808
77.079292
76.417207
76.326811
78.309411
75.035844
74.412738
72.729357
79.741666
74.941663
73.788113
74.908108
71.241976
74.443465
70.167545
77.547013
73.434943
69.995703
72.399000
70.347286
72.143629
68.222041
69.541261
68.414031
73.279866
69.177578
69.148499
70.158632
69.754902
70.607573
71.500536
75.116642
67.008659
68.415121
70.250948
69.515637
71.821969
72.811652
65.792152
72.699500
67.807334
68.945194
69.183688
67.975266
70.986471
70.795708