50
4
40.000000 5.000000
37.084141
36.929260
35.426060
35.209165
34.168279
30.823603
31.468618
31.063811
34.052248
29.680301
28.300798
27.472740
29.605427
29.150163
32.708462
27.453611
25.041763
28.548913
27.380008
29.946653
27.820331
26.215203
28.765357
26.468125
28.385255
28.144820
27.987912
32.391048
24.624270
30.454898
32.600667
29.307447
30.620801
28.931734
32.746886
34.409139
35.021633
35.689546
36.682162
36.266404
35.969723
39.738417
40.736162
38.745961
37.877872
36.350162
42.600610
40.777245
43.691039
44.233324