50
4
5.000000 40.000000
42.959526
38.995719
41.984060
37.132738
33.803858
38.048778
37.274418
31.185963
33.714629
31.885974
31.130571
30.728148
26.968056
27.190309
26.760485
29.563378
25.126639
26.381057
24.836547
23.224791
20.921121
21.236190
25.721785
19.635255
24.308703
19.981948
23.064083
17.353139
17.509782
20.298128
17.581731
22.926248
21.179131
21.480978
18.485752
22.067257
19.147668
24.478429
26.218617
28.841631
27.085822
28.940409
22.747046
28.561919
28.837437
25.956308
33.875476
30.493451
35.238807
32.015507