50
4
-30.000000 -30.000000
45.093676
44.487459
44.024766
48.695041
50.338588
51.990947
54.177798
57.711050
52.299590
55.009084
60.758158
55.702810
58.086302
58.900194
61.657646
60.737500
67.121194
68.910159
69.164137
68.546533
68.849487
71.624408
71.722648
74.128186
74.886758
74.014829
76.986706
76.317237
79.290663
82.968127
80.753031
78.532191
81.139676
82.943118
84.362688
90.938032
88.995204
85.314804
90.578398
91.928002
88.865125
89.914966
95.308055
91.920417
98.106678
97.508943
95.612732
97.569101
101.247116
101.909933