50
4
110.000000 110.000000
155.012992
148.515433
152.282258
151.197042
145.419172
143.570678
147.791242
144.299381
141.577777
141.905421
144.138409
136.366015
139.920145
138.177732
135.364901
136.661055
133.474086
137.705087
133.733811
129.416424
127.835003
128.601754
126.873039
124.194261
122.055192
126.225383
124.737610
124.909358
119.251704
117.124598
121.735177
116.237144
115.100493
113.358144
112.392714
111.313188
109.469145
111.113227
110.953681
109.528359
109.334315
102.769700
104.771570
101.499808
104.030372
100.825339
100.636179
100.216788
99.514813
96.314534