50
4
-100.000000 145.000000
179.883273
177.002535
181.148308
181.129265
179.317832
178.800197
173.081138
173.427350
174.300043
175.050320
174.080673
175.772644
173.874810
169.332468
172.568728
173.867825
173.498331
174.286004
168.684465
168.910221
171.394730
170.650275
171.206751
170.465359
172.916421
170.719809
166.490544
168.512360
168.735651
168.702561
171.142242
169.472437
170.660459
167.812107
166.389464
165.945668
167.962807
167.059160
162.573688
169.427898
166.763272
166.861103
172.327152
166.141203
163.095600
165.255311
167.881640
169.888112
163.875813
166.555892