50
4
-65.000000 -65.000000
93.585566
97.089042
95.223154
97.026707
100.993452
99.951854
104.709269
102.570498
104.865270
104.592656
105.832645
109.606663
105.265127
108.633735
112.132737
116.907038
106.923106
118.236071
114.499738
125.060358
119.503570
119.190946
121.933428
120.671420
116.036376
122.787464
125.358808
127.910014
125.911313
127.190547
129.829597
130.317724
130.200929
134.487155
134.904005
133.389669
132.655430
142.561918
141.426208
139.382265
141.822669
140.571624
148.417329
146.165675
146.291458
146.358421
147.434313
147.792595
153.034007
151.920445