50
4
5.000000 5.000000
4.496413
4.767205
3.049133
2.149015
4.253280
3.491954
4.839546
6.046592
7.515761
5.553239
8.781283
10.015224
12.205611
10.601515
12.925631
15.135793
14.008657
15.917457
17.582122
15.047179
18.254808
17.903135
21.499166
21.658970
24.875053
26.137501
24.022342
27.185437
30.906462
29.863068
31.870111
38.215404
35.655696
31.681237
35.180133
34.984295
39.953675
37.183768
39.603162
38.614629
44.109803
41.365406
45.946792
45.654202
46.165050
46.052491
52.524337
50.169066
52.443163
56.201685