50
4
145.000000 -100.000000
173.681618
172.048879
168.066043
174.381843
172.016041
171.602203
175.714579
172.677626
176.223478
170.447913
169.417051
174.320278
173.065190
172.245171
174.687153
176.564888
172.568122
172.708863
168.515728
178.270743
176.067759
175.743624
178.658525
178.601007
178.927477
173.108436
175.821000
180.265030
181.390159
177.173368
175.816087
181.869267
179.350533
178.000368
176.385145
179.314472
181.457003
182.584861
184.243672
180.283152
182.130945
180.437524
180.017121
181.664270
185.280691
178.469884
178.985818
178.398175
182.030973
186.482059