50
4
22.000000 22.000000
27.180981
27.590985
25.052100
22.452175
25.952016
19.124258
23.333887
19.195239
20.526782
13.047797
14.888286
15.674448
8.965854
12.716571
11.423655
11.374177
7.904529
4.931421
10.704796
7.012680
5.571869
2.468059
2.327356
2.355168
4.420599
4.638702
1.037796
7.342430
5.363158
7.900654
9.928324
12.365630
10.425368
10.721858
11.911060
12.971681
13.421983
11.850987
18.125663
25.458454
20.037287
21.593641
21.321973
25.942957
23.207207
22.796736
25.807460
32.194323
24.361962
28.750359