50
4
40.000000 40.000000
57.108494
52.573013
52.035454
47.566020
46.135470
48.150764
44.560560
44.733618
46.815888
40.655109
40.050037
36.893958
40.562427
38.185084
40.392918
34.371988
32.447661
32.730586
33.484777
29.747616
31.414198
26.480890
30.321393
24.115582
26.469300
19.434955
24.041686
18.777327
16.457091
15.839009
19.147936
22.105366
17.403224
16.776754
14.624552
15.687976
14.276792
11.644507
13.109329
9.578981
9.238230
10.175351
8.326007
12.450161
3.257614
4.301950
10.036897
9.172022
7.569048
7.393332