50
4
23.000000 23.000000
32.328494
28.844119
25.469652
28.351257
25.684636
25.769592
22.313729
16.423720
17.905929
19.949327
17.295291
16.352371
14.666400
14.430249
12.532757
8.429666
13.030103
7.038842
11.115532
8.727657
2.922827
4.806540
8.358147
2.960311
5.882971
4.739175
2.502834
4.374888
7.995620
6.237953
9.082836
9.743170
8.730814
5.779053
11.444574
12.144468
13.080254
17.268729
16.121627
19.790945
18.617908
22.698399
22.643624
20.267695
24.985311
25.577928
25.844685
25.167200
25.414994
27.128753