50
4
22.000000 23.000000
29.841001
29.520855
30.008010
22.266756
26.141509
25.412750
22.115222
18.205908
17.797448
18.406823
18.915226
18.925691
14.680262
10.308793
10.946213
8.544794
9.151053
10.210643
7.257761
8.120621
5.892319
3.616146
6.539025
1.702368
0.761165
2.581304
3.923582
7.731955
5.526850
12.224846
5.916378
9.005247
6.115522
11.884806
10.814580
16.197618
14.198018
16.629709
17.803225
20.600225
18.345807
20.461535
24.404717
26.385405
23.525331
24.656469
27.199506
24.921281
24.840719
25.117985