50
4
110.000000 110.000000
153.841489
150.920109
152.323487
151.019222
149.236604
146.711087
144.778234
142.280198
143.972195
140.765384
136.301523
140.805081
139.508977
137.904946
133.468872
133.319997
134.108274
128.079024
130.981960
132.207675
128.759534
126.690327
122.573541
122.264034
127.780519
122.099535
122.407555
118.811594
121.647041
118.041661
115.721727
118.012222
114.720900
115.997131
113.084131
112.977573
111.151126
112.446303
109.495932
107.936834
106.278506
104.471808
100.266341
103.614982
101.233257
102.844350
98.965571
96.254513
96.427298
101.128674