50
4
-100.000000 -100.000000
144.713191
144.934236
149.545160
145.675084
150.685144
152.641268
152.741815
150.482898
151.811141
158.686948
157.530934
159.098501
161.618490
161.443461
158.167533
167.406607
165.126795
167.509412
164.563687
172.297944
171.089868
169.008224
173.569446
172.714740
173.042527
173.105335
175.105674
177.140022
175.120287
178.884779
184.108610
182.075372
177.504807
184.748670
181.654928
180.165600
187.524125
185.946254
189.049723
190.169498
192.221271
192.354045
191.830839
196.533501
196.394697
194.241439
198.923411
198.620864
202.438789
196.253270