50
4
5.000000 5.000000
4.131753
4.643257
0.000000
3.095139
0.000000
0.000000
3.267139
8.760908
2.682305
11.888804
8.632701
9.430185
9.783860
10.338975
11.299159
10.947644
12.323738
19.077300
21.114427
20.160150
19.096267
18.144117
21.179346
21.245700
23.524828
26.005413
29.042162
27.066223
25.638378
30.025250
29.638187
34.511227
33.741376
33.849815
37.347589
38.756904
38.968276
37.662869
41.038915
41.162725
40.392961
42.862724
42.921434
44.741250
48.538158
50.392449
46.706759
47.717439
49.985961
51.756028