50
4
22.000000 22.000000
32.133309
24.030960
23.600890
20.166862
24.109247
21.602077
19.211516
17.126387
21.941122
15.916237
15.051563
16.672249
10.397095
13.256985
7.952569
8.216281
8.392688
10.648942
12.140047
7.293083
6.037064
6.151125
2.788104
4.260198
4.762554
6.976506
7.117996
1.093768
0.657473
7.304483
9.974628
7.696165
10.299916
14.975030
17.145265
11.439401
15.309988
22.251295
17.675190
18.855872
18.301736
21.212462
22.627878
21.717221
23.305865
23.603035
27.205131
26.851782
29.023149
28.516573