50
4
23.000000 22.000000
28.594383
26.075693
28.257224
26.222728
22.139255
22.590003
19.442449
18.012759
20.200047
18.714065
20.853244
14.474986
11.564107
15.150508
11.189447
8.065713
11.609293
7.814833
9.179821
5.551870
9.367078
6.762306
2.797337
5.867803
4.448237
5.304288
5.353471
6.630603
4.252017
5.929500
8.136790
10.661691
11.190201
10.240873
12.137683
10.087467
14.076798
13.573667
17.091957
18.465246
18.103881
19.396611
22.471347
22.812778
22.926161
26.696157
27.300181
23.990594
21.537290
26.560448