50
4
75.000000 75.000000
101.015855
103.349283
101.385272
96.898530
95.962220
97.117102
94.674591
92.466407
91.376590
94.074873
90.209820
90.509775
90.580110
89.297395
84.812372
86.581131
82.859750
84.970061
85.104575
80.906356
77.312573
78.969505
80.761658
79.141015
72.871381
75.349326
72.419114
72.683206
68.673987
65.629987
69.362184
63.057966
67.638603
65.893182
61.408216
66.948398
61.645896
61.680366
62.989162
56.468775
55.766074
59.794885
53.172585
59.484382
48.819347
53.624927
51.464927
50.909514
51.047809
47.365404