50
4
22.000000 22.000000
31.354535
25.271562
28.257561
24.792830
20.839020
23.265021
22.832848
22.941390
18.399692
19.338590
14.858408
17.571154
14.985330
11.849372
10.593197
10.483887
8.915971
9.792212
7.040977
4.586223
3.307618
4.708102
2.251884
3.345154
3.278520
0.000000
5.125660
7.032317
4.903766
9.216341
8.910986
9.505097
11.329913
11.741712
15.946831
13.193336
14.142616
14.832648
16.695475
19.386434
17.261529
20.789890
18.978040
22.935427
27.414120
23.547611
28.794359
25.043962
28.336079
29.359537