50
4
-30.000000 -30.000000
41.214040
49.004715
48.687808
49.417370
50.048407
49.102100
52.242094
52.702565
54.614209
59.098980
57.077466
59.385264
56.502701
60.517628
63.129862
65.314119
66.019911
67.785921
67.004388
70.986726
66.629253
70.537748
69.908164
70.020849
72.907667
72.764931
73.378534
79.487517
78.799744
81.484145
83.964556
77.994195
85.408752
86.345209
84.132221
88.509926
85.840759
91.711204
89.728942
91.315434
88.189600
92.486347
93.334683
95.384155
94.645727
97.987356
97.032408
105.020000
100.352843
102.556336