50
4
5.000000 40.000000
37.980047
37.034374
35.467076
34.305324
36.068611
36.011326
37.881134
36.412053
31.909032
30.550931
33.393092
31.589829
25.975483
28.406487
27.110482
26.753822
28.895464
19.271078
27.381845
26.653734
26.843747
23.124762
24.287294
24.529060
18.388905
22.740210
20.238574
19.847614
24.032273
21.998951
20.960208
19.106092
23.207860
20.335428
20.316907
18.993607
22.311735
22.093866
23.603382
25.745239
24.020160
24.903556
26.394842
30.268237
29.247327
28.143566
30.273932
30.652841
29.053289
28.512557