50
4
110.000000 110.000000
151.075622
147.681227
152.552684
147.801794
148.685192
145.194598
146.396728
143.760493
143.870961
142.008095
139.875712
138.353747
137.072562
135.465778
135.464644
135.249056
134.787631
130.933471
131.652176
131.585312
125.965445
129.340727
129.738795
123.913200
124.821224
123.799592
120.945768
122.502721
118.860418
119.596547
116.743553
113.760993
116.516524
113.452503
109.314695
113.153177
111.014843
109.442364
107.571198
104.581979
107.713639
105.166726
104.355809
100.808643
103.502708
98.315495
102.330697
100.515353
100.913792
94.351602