50
4
-30.000000 -30.000000
44.601705
46.232813
44.515425
44.852104
49.280432
50.570427
59.032007
54.409395
54.829799
63.301825
60.388109
62.684643
57.293150
64.608624
60.807575
63.417716
67.438572
66.289435
67.195048
65.844820
67.572918
73.371033
70.228073
73.584695
74.722363
74.868995
73.635805
77.323699
77.306548
76.419495
78.718107
79.078043
82.988921
79.407112
83.934177
86.611301
84.422071
90.489813
94.475008
93.020782
89.933003
93.809609
93.217234
94.158762
96.762764
97.113879
96.057652
102.303295
99.886935
98.499551