50
4
23.000000 22.000000
28.526219
26.765964
25.151829
29.999548
20.461061
21.630402
14.890644
21.912727
18.845828
18.941606
21.299507
17.324057
13.364731
13.393359
11.676941
14.560063
14.106877
8.350379
5.915714
10.325279
6.297360
5.773535
8.325319
3.670171
1.726654
0.751323
2.052662
8.578376
6.969793
8.408061
11.286026
12.250012
7.474318
9.912237
6.840012
12.739063
12.759870
17.003399
18.006507
17.385139
17.199796
16.020397
22.531941
24.689539
24.488213
24.185385
24.584198
25.858442
27.569749
30.797360