50
4
-65.000000 -65.000000
91.022602
94.760790
97.627649
96.647829
101.073586
98.274784
102.993614
106.068268
100.198727
104.802663
107.346840
107.636893
111.878103
114.927486
112.459456
109.876341
115.190309
116.893299
117.288697
124.135794
120.658432
117.600485
127.356357
120.961330
122.619236
124.152413
124.050981
129.018085
131.035505
130.354250
134.157932
131.787575
128.120441
133.315779
136.821205
138.904437
135.127748
137.893130
140.425750
143.705562
144.073799
140.525089
147.653027
144.229474
147.264168
147.756639
145.245832
149.398384
152.898102
155.504006