50
4
5.000000 40.000000
38.682942
38.768572
38.052464
36.187661
40.958760
35.866608
33.119773
33.093021
30.543634
36.961852
31.111620
27.303319
31.137764
28.326990
20.517002
26.561474
24.836284
27.282901
27.550308
24.229638
20.802704
21.778220
21.493830
16.896380
17.422109
18.785547
15.421982
16.591412
21.877795
19.385206
21.032062
19.674283
23.271621
22.014859
23.531034
23.414723
21.460534
21.071029
22.498577
27.107406
23.406005
23.316399
29.082118
25.887048
29.045298
26.422942
30.666035
25.592407
30.613355
28.810127