50
4
-30.000000 -30.000000
42.979947
46.897657
51.053432
50.944337
47.774128
50.755452
59.761907
50.774088
57.345058
56.461735
55.803178
56.862856
57.461004
57.761703
59.229399
62.522843
64.241812
66.110184
69.524994
67.423046
67.865509
71.171298
69.267736
70.809089
73.637208
72.519536
77.814278
78.958487
78.483947
78.691412
82.489502
78.313749
78.388979
83.649012
85.225067
85.132989
81.271769
86.694994
89.833319
88.093324
95.839454
96.220086
98.864308
97.996519
95.908471
98.011980
97.702343
101.972014
102.307979
96.844839