50
4
-30.000000 -30.000000
48.691352
46.787339
47.722900
49.641312
50.469369
50.001532
53.613964
56.148522
54.206776
52.911472
57.305457
59.433182
58.682997
59.213273
63.796599
64.952208
64.172216
62.954542
67.984421
66.877226
70.733091
70.945794
70.495965
74.397829
77.476689
74.340537
77.023730
74.860837
75.972236
76.582454
80.013122
80.410543
81.965032
85.691907
87.037544
89.492292
90.599774
86.184225
97.540707
87.690918
90.382570
93.098678
94.614764
93.303774
96.850299
96.526621
102.183966
101.831022
100.181458
103.431657