50
4
-65.000000 -65.000000
97.519546
97.319870
98.010046
97.671422
98.272706
102.421571
101.221577
104.986109
102.600554
106.941201
109.486235
104.571303
108.528610
109.055067
113.598389
110.714848
112.769002
112.507741
113.674528
119.029691
116.096836
119.228581
119.852513
120.754825
127.722533
124.809154
123.798709
126.542180
128.397465
127.565076
129.277698
129.063881
130.765784
127.988328
137.780199
133.206326
134.581051
137.883741
138.106918
139.879256
142.418731
145.786156
143.478956
142.302253
146.294151
143.283341
148.473930
152.307098
151.197158
146.997822