50
4
5.000000 40.000000
39.694934
38.170565
41.129843
36.211861
37.473425
32.086184
32.920020
34.894107
32.595121
31.056165
29.475781
27.947500
27.325292
27.574193
27.008364
25.211223
27.244759
24.640761
28.645122
28.194959
26.188534
20.668904
24.111143
18.843594
20.236907
18.214003
18.537481
19.873139
21.843429
21.766891
20.960974
19.560636
22.559460
20.685524
22.616452
24.081963
25.217846
22.003213
23.147830
26.951108
28.520589
31.194463
26.882709
27.190899
25.654780
28.745819
32.765732
31.209596
32.722166
32.857887