50
4
23.000000 23.000000
32.034911
33.682858
26.037046
25.292753
26.313030
24.483795
20.369150
20.283423
17.762776
18.575987
20.179046
17.298914
14.378507
12.746843
13.249875
13.266476
11.174736
8.780969
9.720827
14.144856
2.930986
8.239348
2.718899
2.344982
3.442973
2.763026
2.058292
3.092446
5.088889
4.954048
2.607984
7.755551
10.433944
11.703919
11.401240
12.853224
18.731512
16.886439
17.261454
18.802584
16.413397
21.615209
18.636890
19.816879
24.129167
25.302778
23.296028
29.538837
28.008505
30.183771