50
4
40.000000 5.000000
37.078086
32.325273
35.319957
36.611556
30.247560
35.047966
27.148309
29.081298
27.460626
30.761398
30.569056
28.736941
29.075159
29.704709
24.785357
31.413431
30.137972
26.764934
24.211844
26.062339
27.525512
26.455430
27.960525
25.996594
27.950768
27.750446
27.365773
26.165403
30.394791
29.529734
28.474893
33.730429
38.372630
32.139221
31.909602
31.927431
34.518762
33.146201
41.472513
33.002761
36.255237
35.170325
38.961034
37.819201
34.761476
43.529029
43.329918
40.541772
42.884864
43.108758