50
4
5.000000 40.000000
39.321742
37.004487
35.233769
36.661196
35.414696
32.460486
34.243973
34.157430
33.947686
31.779040
28.945890
33.372665
26.927184
29.218136
31.261907
26.429003
26.077313
23.441088
28.088218
25.652827
23.995484
18.454733
25.477557
18.867480
22.205833
19.460870
22.896168
20.918732
22.542504
22.396547
21.812260
20.435684
19.564266
21.843482
23.062175
19.944168
21.823944
21.432876
24.374637
24.387564
25.623550
24.437967
22.508148
22.785785
28.513921
29.687392
26.624147
29.020763
30.036042
32.467893