50
4
5.000000 5.000000
7.795522
2.606836
3.490239
1.538171
4.318585
0.039303
2.105107
4.892848
4.239671
7.567467
5.345014
6.513222
10.417491
13.592122
15.383697
11.948949
11.591048
17.712250
17.440196
18.093740
20.511852
19.311127
25.707270
27.580754
20.955176
25.694051
23.970024
27.797864
28.249109
30.922421
31.406949
29.726271
33.322206
35.277862
33.696564
36.075743
43.075893
39.313584
40.176146
43.853466
44.978120
45.523732
44.863532
50.043500
47.511960
46.998636
50.617052
50.574230
56.512863
51.008909