50
4
23.000000 23.000000
30.422366
31.625182
27.969046
25.954783
23.782075
24.394066
21.929900
21.793908
18.650810
18.745117
20.010432
18.591806
15.244123
17.231324
13.413236
9.560736
9.722474
9.851671
6.196632
6.476784
8.496449
2.801448
4.977336
1.627335
6.863587
5.515993
3.348854
6.623768
5.845389
8.959852
4.524375
6.353036
5.936199
12.899615
8.983724
14.469310
13.256964
17.146163
16.994036
15.689125
16.232749
19.055900
16.242916
22.612748
27.833347
24.087980
25.879236
28.059308
27.845763
23.997748