50
4
22.000000 22.000000
27.415461
26.612266
28.801999
23.520275
22.456529
24.578381
21.261608
20.372429
15.585391
18.987613
12.260224
13.279901
17.369687
18.322717
13.347125
7.966190
9.995441
9.130463
3.214397
2.904458
10.135461
7.060715
3.450926
4.887839
4.957103
2.676741
4.290481
7.312693
11.038744
10.425470
9.618018
8.520871
15.147203
10.343431
6.666056
8.751648
14.292022
14.702952
16.411904
16.858085
20.164732
22.073003
23.473333
22.341537
26.157116
22.997505
28.827780
30.159426
27.665339
28.726896