50
4
5.000000 40.000000
41.400270
35.601367
38.341161
33.831437
36.269887
33.224937
30.033720
33.487994
30.921317
29.204890
28.696555
32.687701
33.460453
28.008784
27.292587
24.780742
25.285887
26.082751
23.426247
25.181637
22.585617
23.924021
23.283077
26.926253
22.611954
17.516964
22.528320
17.850395
22.511666
21.689396
15.394747
23.324172
19.533347
18.205160
25.490276
20.294781
17.576579
25.935013
25.585409
25.582109
23.496766
29.167532
27.739713
21.599619
30.542172
27.624429
30.829772
32.646846
33.774077
31.370272