50
4
23.000000 23.000000
31.609189
30.309579
28.951361
25.344130
26.540743
23.300066
23.843738
18.302119
16.087776
20.955434
18.316214
17.224241
13.888885
15.512835
14.744998
11.430364
8.913678
6.048413
6.911959
11.449744
6.935669
5.573897
6.624005
4.914051
2.090401
4.736403
2.378699
6.629617
4.753182
8.510792
8.610819
7.467408
6.673178
9.589988
10.123645
13.594941
16.819181
14.692725
17.983905
17.489628
17.529226
22.594311
19.961613
25.349872
21.160129
23.945426
26.299725
26.558596
29.737588
25.781285