50
4
75.000000 -30.000000
75.909573
80.937603
79.642725
75.387968
76.111732
76.913178
77.100190
79.943015
77.350090
73.710797
70.539679
77.626206
78.306644
76.339927
72.021581
74.158319
79.036983
74.568623
74.884825
74.181138
76.804026
71.662126
77.360449
78.835803
76.386864
75.135882
79.523186
75.105863
78.384448
78.603822
78.823476
77.728800
80.322730
75.429067
78.203336
77.777491
80.539384
82.765362
83.581005
81.626152
83.340771
82.219118
83.847342
84.623951
80.281013
80.650449
80.515929
84.971125
82.481985
84.911082