50
4
110.000000 -65.000000
122.696338
124.576526
126.567053
127.677408
126.554454
125.068514
123.079881
125.384700
125.215422
125.507289
127.223412
123.488782
123.235167
124.040296
127.042576
124.884843
124.203807
123.726624
123.212641
126.513375
126.028810
127.835531
123.875743
128.892174
125.159384
125.670845
128.149955
128.118197
129.122971
128.718730
128.447466
130.237322
129.797596
129.108152
130.406090
127.019195
127.969909
134.126922
131.702856
129.579381
132.705836
128.300297
131.390850
133.423115
134.915258
134.650812
131.609804
133.735612
134.981150
136.019682