50
4
40.000000 5.000000
36.866497
38.044622
31.557522
31.783805
35.168246
29.068472
32.730300
31.889502
30.265990
32.313097
28.945162
29.516297
24.727754
29.492083
27.339253
24.559695
27.658298
28.498838
27.757510
27.554697
30.283615
29.582148
30.453807
30.537815
29.136228
32.295722
28.532649
26.267547
26.811283
29.819957
31.734907
30.462776
31.101569
26.987908
27.403565
31.310693
33.579307
37.222712
35.629251
33.799187
36.967383
38.533528
39.038555
39.437043
37.705196
38.145810
43.501074
40.291194
41.006747
46.038965