50
4
22.000000 22.000000
29.269910
22.255048
24.893272
22.230004
22.271055
16.711491
20.271242
19.456173
20.475552
22.950155
16.156319
13.384954
10.983601
12.299641
11.572234
10.230253
12.234136
8.960558
6.137625
1.223848
11.628369
1.978573
0.671631
4.296795
5.383822
2.827416
5.034956
8.241024
9.751703
5.101526
10.407500
9.803248
8.975594
10.589633
13.686481
12.368699
12.762146
14.877176
13.161646
19.290078
15.944476
20.894958
18.652281
21.204498
26.256451
24.664643
28.270333
31.366954
25.439497
33.752032