50
4
75.000000 75.000000
102.797026
101.776601
102.487587
101.787057
97.781521
102.095112
97.064740
91.866093
92.629865
93.434768
91.095197
89.166685
86.128134
89.174678
87.977356
85.714537
84.604464
85.442394
79.282285
82.028713
79.360643
79.586705
81.903090
75.254550
74.137708
72.599483
73.025459
70.703384
75.322078
66.492851
68.407701
66.361359
65.374303
61.484608
62.114300
63.221765
66.122548
54.975011
60.618670
63.363485
57.921905
54.174566
52.442724
50.237852
53.933048
52.903671
53.521879
52.027661
50.886199
45.624740