50
4
-65.000000 110.000000
130.044991
128.681412
131.871346
129.138824
129.396927
126.157596
127.933539
125.676010
125.382943
121.287734
124.328259
127.108806
122.689079
122.073305
123.433061
119.072265
123.441916
122.453646
123.909954
126.972660
121.700812
121.719070
122.041073
123.017991
123.736260
114.683254
120.659930
120.288030
119.754992
121.604642
116.726211
119.806871
117.846232
119.061176
119.461580
118.006499
116.989184
114.012044
115.140745
115.651279
118.931350
119.789520
117.751215
121.083189
119.277154
121.041590
118.445236
124.071221
120.984312
119.773598