50
4
-65.000000 110.000000
129.777983
125.505198
131.087669
125.594687
126.493127
124.566628
126.044404
128.217725
128.951582
122.340324
121.747379
123.436838
127.007807
125.399396
125.320866
119.399730
122.325071
124.549204
118.636649
119.693198
121.009811
122.935134
121.344060
121.262529
120.191806
119.234518
120.460648
119.458615
119.440117
119.470605
120.717767
120.185168
114.634113
116.975874
120.577119
116.140652
119.957812
119.301629
112.074697
120.890098
121.306375
114.875700
117.229525
120.213206
115.200344
121.296516
112.465350
117.492089
119.731823
119.515093