50
4
110.000000 -65.000000
126.187433
121.662649
121.321546
126.393706
125.476508
123.213655
123.993390
126.832243
126.783571
124.328361
121.786211
120.857958
123.318471
128.634652
123.597241
123.975452
123.750926
122.246825
125.669752
119.873455
125.700437
125.998295
126.884110
123.252650
126.719287
126.873981
130.273007
128.789362
129.728800
129.888674
128.719332
127.869186
131.079780
124.856207
128.300940
128.422509
133.640012
127.925146
131.099442
131.323595
134.992200
132.549759
133.592505
133.647193
132.545581
132.021538
132.689093
136.837333
135.892974
136.942797