50
4
23.000000 23.000000
31.520301
27.285625
26.168755
25.957766
26.250636
25.777012
22.452142
20.194685
14.510155
19.467569
18.103666
12.606868
13.428453
17.717536
18.141825
10.268817
9.918187
9.325985
7.637469
4.370291
8.145173
6.595542
7.046457
4.333276
3.372065
8.066194
0.000000
6.358709
6.373877
4.288872
7.759516
10.004753
11.748099
8.475884
15.111304
9.194212
9.003689
15.553774
16.376765
16.159213
18.505125
20.175054
22.895580
17.156148
23.588546
21.559161
24.654644
29.161943
24.990838
28.565861