50
4
-30.000000 -30.000000
48.411332
47.492489
47.921090
51.352024
49.143282
50.735749
52.791713
57.068754
55.319289
60.082073
54.692561
58.024482
54.334257
58.474424
64.367661
61.059738
59.571514
64.510897
67.671271
70.598785
66.509910
68.091505
69.153520
70.358258
73.721233
75.236014
78.156244
77.036498
79.420452
77.532227
82.792904
83.246588
85.852924
87.390843
87.682513
83.539538
86.375713
85.536027
91.725009
94.841716
91.170052
92.438898
93.820865
95.688421
97.125473
99.430526
94.164318
99.857248
98.358892
104.528265