50
4
75.000000 75.000000
101.716281
97.535664
101.601834
95.821763
97.479700
93.284334
94.607528
93.674069
95.745452
91.169174
86.887130
89.078112
88.470184
87.624268
87.297800
83.804615
86.475646
84.261645
82.145322
77.964137
79.987059
79.881787
78.901933
76.128136
73.497661
73.955798
78.028897
72.255139
69.991800
65.536034
67.847035
66.647939
66.153919
61.115150
67.745792
62.131626
59.677682
61.864914
60.002593
58.750199
61.000790
55.918578
57.141051
52.454146
57.673478
52.860680
51.349922
49.259745
50.626824
46.647737