50
4
145.000000 -100.000000
170.643208
173.682524
173.719073
169.871620
167.013174
175.335069
172.964441
172.811332
172.887683
173.564709
170.749531
172.384139
176.968291
170.720317
174.147154
173.915995
172.144754
172.338092
172.133933
177.561625
172.249784
178.431424
176.528092
174.981408
174.919424
173.058692
183.146812
176.580435
178.771745
179.801451
172.598361
176.760108
183.626271
173.463840
179.564805
181.497567
178.704812
177.384928
179.744874
183.153542
180.528269
177.099558
180.612019
186.547738
179.201241
183.148407
181.020024
184.560378
180.417061
180.750445