50
4
110.000000 110.000000
151.448313
151.696227
150.030060
146.925815
148.693793
143.484364
146.400042
142.064285
141.688526
141.872998
146.057854
137.420313
136.167176
134.132620
138.508722
131.810563
133.259938
135.278201
129.952486
128.101278
130.384339
126.714595
126.311698
124.857121
125.693842
122.800612
125.587089
121.619381
117.394964
119.874880
118.529223
117.369268
112.371644
115.039155
116.009969
111.150205
112.582098
111.811797
108.666734
106.870722
106.939893
107.178955
106.236156
102.869620
99.975874
99.762076
100.014810
100.318850
96.954856
97.192663