50
4
40.000000 40.000000
54.227966
52.737661
54.382598
46.219014
50.016344
45.997622
43.874823
42.270717
42.752797
47.954528
40.488038
38.265370
41.310926
40.680310
33.498020
36.076062
33.339739
33.279889
34.901735
29.991687
28.309715
26.082687
26.043258
28.832329
20.213930
21.831219
20.139726
23.279982
21.880853
18.844426
17.208451
18.065040
15.746923
21.837640
12.556901
11.462022
15.173524
10.570466
14.821135
10.321640
10.334290
10.479735
9.003028
5.070965
9.473437
9.768423
6.063031
5.427978
9.887117
7.874203