50
4
-100.000000 -100.000000
144.396849
146.483737
148.038114
148.683069
145.669338
147.599131
150.151911
152.576843
155.877776
154.254464
153.506154
159.015472
157.051890
157.305477
161.850333
161.542145
159.427380
169.560323
169.735364
165.893880
171.173562
170.284390
169.870917
172.245465
173.222649
175.773221
175.228132
173.872622
177.216042
178.093738
180.501094
179.485316
178.058541
184.397578
182.224282
189.219812
183.430290
188.999533
187.475040
189.139437
187.946249
191.281237
193.964971
196.060584
199.247384
196.872942
199.573313
196.718817
199.465505
195.868393