50
4
40.000000 40.000000
52.502365
53.549469
52.216691
51.443765
48.967594
50.839654
45.670253
41.591599
44.822342
41.926254
36.824556
41.274519
40.332730
42.200080
37.952396
39.728622
35.424732
35.433925
31.482641
31.246896
31.256729
29.086965
30.059428
24.497458
28.513954
26.030726
23.038871
21.319060
19.974942
19.871663
20.262018
21.371175
19.246599
9.739524
16.395203
11.916606
13.405781
13.873680
9.209299
7.782698
11.124192
12.105280
9.604380
6.076160
9.072707
8.776666
7.527646
10.024665
10.735784
10.162449