50
4
40.000000 40.000000
53.261279
50.924089
54.119477
48.969618
46.041308
47.285507
47.311266
44.112038
45.653129
44.373388
42.179348
37.974595
41.276254
39.629251
33.943447
35.330776
35.510304
30.583232
33.795836
34.352265
26.260197
30.626946
31.652450
28.829526
23.741365
24.404432
24.888374
20.366915
17.307110
18.240956
19.621899
18.091513
19.832574
11.179466
15.878428
11.989064
12.743064
15.803677
11.926309
7.426679
11.285959
10.680458
6.743979
7.643936
9.814804
5.326692
5.815273
8.645058
9.202342
7.226177