50
4
22.000000 22.000000
24.837955
25.374255
24.316935
22.466499
21.072352
21.541063
18.434273
21.662188
20.786929
18.651415
14.117233
17.691393
11.866018
13.926754
13.425225
8.285611
8.977815
10.838015
7.141295
8.326038
1.439249
5.608242
0.130399
0.358795
2.376399
5.706561
4.708973
5.067279
5.696129
6.083321
7.841510
6.847910
9.512008
13.964454
8.588471
15.543040
14.495756
17.854446
19.377874
19.509356
19.831676
23.175938
21.327374
22.372581
21.907137
24.002438
27.067755
27.316777
25.100134
28.693151