50
4
5.000000 40.000000
39.500199
40.300855
36.538707
39.458488
37.334497
35.852602
33.598216
30.608689
34.733873
30.800273
28.397006
31.437738
30.399448
30.587263
26.635839
23.222103
25.579628
28.817389
22.787974
20.316315
22.191047
19.270679
21.575823
23.010821
25.511486
21.460532
19.123340
21.516542
18.046060
24.199077
20.587515
21.696477
18.002127
19.654905
17.640024
20.075991
24.929934
23.995891
22.601509
25.602418
24.842793
27.086663
28.479377
26.474217
28.812647
28.347154
29.577208
29.091684
29.774530
32.586621