50
4
23.000000 22.000000
30.116738
27.709323
27.328308
24.770540
23.115938
20.620556
20.891276
20.360430
17.712260
20.636382
15.469985
14.644046
17.384755
10.457384
11.580943
12.326290
11.590160
10.579169
6.904324
9.122207
7.367364
6.058458
6.797764
0.928390
7.599321
4.505927
3.588203
5.860405
9.668125
3.638843
10.830339
7.285593
12.762655
8.902019
13.855470
11.970219
15.280569
14.828502
11.548844
21.357155
17.027695
20.125138
18.779326
24.411405
23.369418
24.885526
23.369103
25.672510
27.500078
30.528744