50
4
75.000000 -30.000000
78.885853
78.434273
75.087324
76.340811
73.514341
77.304603
74.445054
74.908637
76.650701
75.403894
74.185322
74.213180
75.640143
72.709258
73.273027
74.867121
75.904570
73.102159
75.005875
75.567256
74.320041
75.362949
77.463972
80.981612
77.013167
80.249299
76.226916
77.282419
77.886471
80.720922
75.817150
79.601682
82.473844
83.770609
83.819286
74.744029
79.832081
84.202638
84.711787
81.815934
85.143007
83.725724
83.930671
83.941659
86.074574
82.733792
86.580953
92.364126
87.261237
87.932602