50
4
110.000000 -65.000000
127.162429
126.045213
128.705080
125.619076
119.707575
126.893558
124.962243
125.983153
123.466200
124.100133
126.903548
123.496047
128.225031
123.728461
125.159576
123.504751
125.566064
119.883381
128.379265
127.803639
124.758152
124.546785
124.499096
125.148676
129.055208
126.520107
125.663519
131.227966
124.993050
127.910789
128.314977
127.383678
131.330165
131.226735
131.324776
135.118434
130.942933
131.057477
134.764683
129.795874
128.708233
127.717483
134.794330
129.678170
134.001320
134.063996
136.342797
130.914413
134.883524
135.096819