50
4
110.000000 -65.000000
124.427727
125.806282
126.185768
125.179861
117.999495
125.725956
122.856084
120.996650
125.739818
125.010448
121.401196
124.554792
122.280338
127.950502
120.702994
123.561719
125.660373
122.588010
126.905981
125.688749
120.400103
129.312439
122.720625
126.931903
127.468778
121.748706
127.803927
127.671352
126.139460
129.749309
128.356620
130.518548
132.681389
131.297457
132.679519
130.008574
129.387692
129.203505
127.510222
128.880338
133.713593
131.848984
133.732644
132.553382
135.816188
137.526793
137.192009
133.804539
134.151189
133.867325