50
4
-30.000000 -30.000000
46.809029
47.841806
51.609906
51.708171
52.458775
55.829467
52.883919
52.189174
55.011891
60.860696
56.438735
58.172422
62.590052
61.222438
59.292228
62.157090
67.323552
70.266408
68.770716
70.152587
68.220210
70.109531
71.298110
69.755231
76.380691
75.420146
74.654502
81.869827
79.811391
77.039164
78.212994
84.024841
85.540011
85.272292
86.559285
82.933852
90.185206
88.828678
90.579762
93.977654
90.722345
95.631619
94.309097
98.890358
93.012737
99.838190
100.383477
98.381856
102.223447
98.994096