50
4
22.000000 22.000000
27.411664
22.875063
25.286662
27.713474
23.641472
24.377432
20.526960
19.327760
19.769101
15.987564
16.128565
13.816991
13.263151
13.677472
12.115559
10.554935
10.312048
9.437805
1.587915
8.764052
8.528402
3.430903
3.364521
2.045338
0.278123
4.066329
4.466092
3.789295
4.954371
6.514739
6.949885
8.765214
9.806779
11.273235
15.837505
12.991531
12.724399
18.277038
16.344558
18.269941
23.738960
18.553461
17.362426
22.681598
25.295920
27.600603
22.681075
25.463791
25.257367
26.850126