50
4
110.000000 110.000000
153.643152
150.893847
152.797609
150.196446
148.626346
144.710395
145.130954
142.772563
145.293095
140.370345
142.633893
141.495923
139.078398
142.467165
134.781674
137.808175
136.999927
131.098986
131.867505
131.306720
126.841692
126.134657
125.094342
125.167550
121.966933
124.436204
122.813278
119.773002
119.793613
118.458926
119.460569
114.742592
112.672492
115.782066
112.066704
114.820418
111.134849
105.148358
108.628986
108.720229
103.102563
107.972952
106.558400
101.603347
101.763172
99.550374
97.892011
100.520286
97.529507
96.132932