50
4
23.000000 22.000000
30.473504
26.711409
26.161394
26.986256
26.390450
23.218195
23.579992
20.551585
23.302706
17.352462
13.109671
13.930656
13.793495
13.939088
13.346755
10.162974
7.097802
7.901242
8.364240
8.700908
4.913547
5.167041
3.696879
3.836997
4.332974
3.339821
1.716685
4.627726
9.264073
7.480124
11.558690
11.924475
2.414992
13.403104
11.168994
14.980415
19.865028
17.728727
16.904600
17.459792
18.837370
17.982594
16.606657
27.775981
18.826328
24.456484
23.349474
30.016437
25.015617
31.225746