50
4
-65.000000 110.000000
125.420947
130.429105
131.229036
131.286231
127.154507
128.547848
126.219011
123.750027
123.923953
126.150486
124.955015
123.697926
123.163719
122.762998
126.156619
124.739165
122.218255
124.311840
125.080946
121.545404
123.692242
121.978509
119.232955
122.703300
115.751067
120.430730
119.108341
119.811099
121.369471
118.880580
118.082063
120.821811
114.310574
115.926673
120.314278
117.932515
119.459372
121.318547
119.555995
118.125184
115.529183
121.174838
118.673956
116.124071
117.951015
117.829720
118.955129
114.443898
117.860416
120.587205