50
4
5.000000 40.000000
37.033918
36.136597
38.371743
39.410676
39.691240
33.405063
33.476726
35.618204
33.438748
29.585613
26.817348
30.608960
26.831139
23.520313
22.654452
24.045859
27.031977
22.763548
25.326773
25.436495
24.002677
18.289494
24.316132
19.563215
23.000232
16.750324
22.070419
19.223273
24.823328
21.394497
22.243503
20.852329
18.124611
21.710543
18.926559
22.717445
23.151678
23.409902
22.609953
23.833877
23.349632
28.009639
21.947577
26.367061
26.124862
29.111052
28.257870
32.330006
27.314468
32.583565