50
4
-65.000000 -65.000000
98.553632
97.775250
97.778003
98.824071
101.066370
103.542616
102.848015
102.643197
108.606089
108.703469
106.226490
109.855669
114.081729
110.895817
111.167506
113.429174
116.016483
110.697129
117.138262
118.043446
118.361835
119.500567
119.688574
121.582684
119.845850
129.711678
124.247413
122.922529
131.476353
131.490021
130.372943
128.547715
127.404081
132.835756
130.061465
131.300220
136.238125
134.249501
139.483613
143.127516
142.505592
139.788339
143.216413
146.147091
147.590754
144.168607
148.720564
147.521545
149.112087
150.739081