50
4
23.000000 22.000000
27.146550
27.938660
25.282900
27.861342
21.811257
19.764492
25.001841
20.114815
16.775780
13.539620
16.605459
14.491683
15.333053
12.356312
17.255526
6.760283
9.292431
6.799307
6.948941
8.005299
3.688357
7.606035
6.363766
5.082458
4.209230
9.107324
0.966878
5.034008
7.915535
10.682468
11.254303
8.777499
8.837618
13.944429
8.434987
15.253803
12.080083
18.260160
16.964068
18.654917
17.170744
18.476052
22.720210
16.671924
20.539776
21.379709
28.778434
28.485859
28.013114
31.308392