50
4
23.000000 23.000000
28.006054
29.382684
31.121885
26.508510
25.179753
28.296486
21.355067
20.822901
20.697032
18.847379
18.076473
19.131867
15.486355
14.897543
15.050336
11.423447
7.183640
5.642832
8.873581
5.470438
2.021781
8.150586
10.305433
2.417551
4.242853
2.470367
1.901230
0.661040
3.595117
5.243294
8.960392
12.374857
7.909984
10.131840
9.797205
14.345130
13.861401
16.439454
13.062290
15.622559
15.885129
20.238810
20.336675
19.961739
23.620047
25.132535
25.338542
26.740016
25.390981
29.291396