50
4
110.000000 110.000000
148.477465
148.397654
149.404302
151.663036
144.220656
145.302128
146.185724
146.333871
147.034145
141.561560
139.066708
140.194444
139.319494
144.664720
135.630242
135.791667
131.730219
131.342927
133.746261
126.678347
131.704573
126.186125
129.507244
125.923664
125.206717
122.007847
117.840411
114.837296
116.710425
116.126011
117.893213
112.555210
116.090266
112.076010
112.936722
110.520814
113.081275
110.186148
108.989436
107.445886
106.277755
106.604490
104.824314
103.717238
99.335226
101.325118
99.184728
98.379269
99.480276
94.689173