50
4
40.000000 40.000000
50.701268
54.323561
55.104501
50.374632
48.900177
46.349905
42.694458
44.951180
40.066668
46.314486
40.339979
41.822189
38.021875
39.642165
34.035121
39.497765
35.707960
33.344595
32.292240
30.477307
27.270143
27.225768
29.188232
25.865604
26.779886
24.606597
22.048557
24.094608
23.518839
21.025931
18.185837
21.499177
19.827257
20.834968
15.769630
12.637531
14.547802
13.691930
12.403972
9.569206
9.765597
8.292374
13.010042
5.573683
8.914417
7.292466
8.233630
8.726541
10.616922
7.019678