50
4
23.000000 22.000000
28.588404
22.648146
25.290570
25.704138
22.352288
26.761457
24.448163
19.247071
19.184692
17.465899
19.321378
17.865876
10.201478
6.624227
9.112418
14.576842
8.738145
9.170098
8.023215
9.384863
5.486434
4.728612
3.199721
5.532808
3.129956
0.969984
0.074730
5.447142
5.373395
6.395238
7.595946
8.713462
8.978427
14.382286
9.687860
12.993917
15.493368
16.814622
17.659123
15.336624
17.456776
22.788989
18.113927
26.675600
25.736656
26.389935
26.278548
25.325395
27.323554
28.512112