50
4
40.000000 5.000000
37.650464
34.984908
36.513634
32.696769
36.628001
35.797993
29.155694
33.094341
30.281872
31.837508
35.597891
26.968007
31.917949
25.868499
29.508019
29.331533
24.776836
26.601262
27.660103
27.423348
26.733062
28.498826
26.012049
29.887251
22.463490
30.004906
27.130496
29.979957
32.891186
26.612308
26.139604
32.531969
30.625789
35.933048
33.489897
34.373404
27.078378
32.362151
37.239454
37.316234
39.701147
38.114645
40.314625
37.947908
39.481194
42.143683
41.076624
41.680677
43.190312
41.795268