50
4
22.000000 23.000000
24.040643
32.675290
22.072637
23.082882
26.672582
20.385058
19.574918
20.251044
21.526061
20.130534
17.732552
17.218111
14.929319
11.221874
14.302172
12.127365
9.222722
10.584903
7.974242
3.962700
3.300218
6.911929
6.313578
3.872498
0.000000
3.447904
1.253472
6.625368
8.524583
5.049971
3.275243
8.578622
9.790559
8.385767
11.987750
12.211529
11.044755
12.191126
19.521201
14.531459
18.411027
22.614587
17.364851
22.072208
20.744608
23.796346
26.717507
25.665678
24.873637
24.993433