50
4
22.000000 22.000000
29.786804
28.267060
27.690470
23.926103
25.990909
25.607832
21.336660
20.808667
15.009670
18.395971
14.781075
14.525807
13.585767
11.919591
11.167201
6.068828
7.659007
8.558019
9.595753
2.743362
4.658003
6.559280
5.364244
0.000000
3.013536
9.146272
3.564933
10.147881
8.347507
6.051650
9.784637
11.866745
9.802032
13.124995
9.621921
16.880243
17.157597
14.752955
21.736652
16.547426
18.786565
21.317069
24.158253
24.169893
27.157941
21.429837
25.615448
25.051748
30.282803
32.447165