50
4
-30.000000 75.000000
83.788755
84.022915
83.464781
80.040276
78.732023
79.394276
81.247773
81.884663
80.388941
76.621801
73.010451
76.304683
80.208684
80.943385
75.222569
70.586678
74.439460
71.445748
74.790178
73.777919
70.932306
71.316024
67.891076
68.501462
70.942532
69.267919
71.242419
69.233828
70.218001
67.704548
71.988135
67.178075
68.278929
71.138124
69.942486
66.569081
70.038066
72.353035
67.768464
70.060859
68.636705
68.252444
72.740079
67.891484
69.119174
70.157414
68.333272
67.031954
71.185634
70.020043