50
4
22.000000 23.000000
25.167245
28.148598
24.306592
27.094549
26.621813
24.511504
22.387867
19.222976
17.270608
19.013212
16.635688
13.300879
10.354547
13.001819
10.714946
9.405287
13.252078
9.843673
5.534728
9.288839
6.810240
5.091039
4.343459
3.725543
1.420575
3.735234
0.554467
8.032107
1.180851
8.565476
6.067276
10.443622
8.437579
11.602035
10.382018
14.044601
15.790977
15.046531
19.946684
16.075117
22.525348
18.865485
16.720368
23.516370
16.839078
22.119315
23.550996
21.200635
26.285800
25.698563