50
4
23.000000 22.000000
28.704231
24.485148
27.871683
25.270701
24.228626
21.032694
20.531021
18.455179
17.245158
18.153675
17.132908
16.607537
11.062926
11.202406
11.132688
14.028970
10.688116
5.793210
7.349763
5.697557
9.209200
6.511430
4.495595
3.594515
2.725555
4.952439
4.119166
2.880446
3.001835
6.735836
6.191827
10.389193
16.068709
11.697574
8.572833
10.795992
11.621078
14.036603
15.120948
20.427352
18.499242
20.424536
20.367986
24.268805
23.131708
22.090362
28.448794
23.962743
32.100733
32.441759