50
4
5.000000 40.000000
41.208664
38.227759
39.674966
39.941017
33.784348
36.890586
34.679171
32.407041
25.805707
29.408338
31.457059
28.645886
25.595552
27.073696
24.954599
30.270027
27.842094
24.925736
23.841826
24.745464
22.664630
24.934191
22.473097
21.798047
18.582878
20.636800
18.695251
19.409873
16.949445
20.901550
21.392532
17.171549
20.774014
20.230680
19.609315
22.777651
23.634504
21.710878
25.047939
25.932760
24.253389
25.252126
27.279654
29.536314
28.804262
31.873354
26.578405
27.586699
32.893344
32.464074