50
4
5.000000 40.000000
40.838311
38.938910
36.685853
37.080178
35.394453
34.338642
32.627762
33.358332
35.155360
31.617006
31.905475
29.560785
31.282524
27.398264
25.081988
28.188207
23.513568
24.877104
23.189058
26.126072
24.071023
24.276755
21.094433
22.533116
23.038863
22.871696
23.526407
19.744874
23.237933
22.204696
18.355499
21.087559
20.228809
20.207689
24.172440
22.869461
28.334898
13.862051
16.028488
25.180342
22.617717
21.165878
26.752505
26.352180
28.258366
26.905330
29.054481
29.041142
29.680671
31.350391