50
4
110.000000 110.000000
155.160416
152.716418
150.074205
145.372813
148.177266
148.848903
145.445767
149.923552
142.647810
141.440276
142.086038
141.932110
142.155759
138.379728
136.240953
131.838363
133.541299
132.592449
134.352660
131.675338
125.887732
128.545745
125.306993
127.285754
123.531829
125.379059
123.686466
116.890374
122.396403
113.139586
116.503982
117.292561
116.681713
117.336312
110.167365
111.239058
108.946754
111.348263
107.569433
102.202642
106.085739
106.357962
104.416703
104.940356
101.251583
100.851734
100.937381
98.724781
96.589618
95.293750