50
4
23.000000 22.000000
28.146198
28.340406
25.241367
28.104549
22.650602
19.877191
22.925695
20.622129
16.642948
20.996030
16.932538
17.950298
15.718212
13.774653
11.808759
11.054117
11.121752
12.947230
8.012160
6.527721
3.548941
10.270979
3.363739
8.653853
2.529461
5.128890
4.931388
5.697756
7.010399
8.000906
6.488484
9.701543
11.660231
12.413485
11.739927
10.118656
14.198186
14.846600
22.654731
15.916728
18.069460
24.465105
19.776454
19.828877
23.375587
23.085314
25.858322
28.537811
25.040589
28.152865