50
4
-65.000000 -65.000000
90.891091
93.451599
97.000813
100.190300
100.608915
100.482035
102.880172
104.270724
102.686335
105.892543
108.714156
111.725445
111.371071
110.132095
110.598229
109.626727
111.607226
115.094941
119.622237
115.982918
117.773279
120.543850
120.251935
120.715132
123.506083
130.546789
126.840696
129.213100
130.312464
131.465617
134.225018
133.283877
131.523670
134.127460
135.285562
138.489874
131.830292
141.571816
136.792614
140.550929
141.812451
139.545955
143.437073
148.172600
147.631473
148.537585
149.857249
153.016853
148.117825
148.496598