50
4
5.000000 40.000000
38.148443
38.828601
37.166039
38.775251
39.039745
35.783960
34.373498
34.313417
35.477997
31.904763
28.786938
26.153049
27.193065
30.474471
26.627376
26.624904
23.763934
28.978487
26.296216
24.062498
23.383332
23.241085
24.372633
21.903887
19.453093
19.009882
23.766263
19.368769
20.884243
19.974432
22.193951
18.019664
26.616368
21.170904
17.337591
24.614775
22.880962
22.738244
24.713862
26.017923
27.777796
24.675357
28.330308
30.054757
26.971594
28.402904
29.961151
32.725201
28.574341
34.249587