50
4
22.000000 23.000000
27.807961
24.560780
25.784975
22.565447
25.084239
24.510175
24.204705
19.454108
22.407441
18.383197
19.469753
16.623839
13.533090
11.192412
13.988267
15.119343
10.054087
9.517234
3.960732
4.492182
5.138251
1.301410
4.577712
1.977146
-0.030967
5.765663
3.720306
7.162343
2.613052
7.010370
6.430591
3.836004
14.210879
8.319262
10.494721
13.433494
11.100431
12.663600
15.088957
16.261013
16.729008
16.113361
22.400537
21.124108
22.191994
24.087837
27.655499
28.251852
29.993427
33.211827