50
4
5.000000 40.000000
39.178949
39.020277
36.542095
36.046054
32.694718
32.797429
30.865658
37.727965
31.402460
32.842084
29.690059
29.720317
27.914642
26.649128
28.424114
26.122879
28.252986
25.426536
30.697407
22.238832
25.115884
23.160597
21.688073
18.806772
18.305341
21.147971
18.246409
22.895724
19.000658
23.994526
23.648603
20.788020
21.340934
23.028883
20.487265
23.412581
25.517475
22.305003
20.944163
24.376003
23.924742
25.065294
26.089797
25.470926
27.233281
23.397627
34.049302
27.802820
34.288852
30.797133