50
4
40.000000 40.000000
53.640597
51.843984
51.877133
56.202894
44.796264
49.394257
49.506023
47.006857
44.928616
48.596283
40.087338
44.650298
40.742351
41.836825
36.761292
35.900359
33.428224
32.520370
33.847098
33.064123
29.961921
32.587462
26.963451
25.690687
26.357374
28.514516
26.311735
21.627253
18.758085
19.289999
17.201171
14.408684
13.830164
13.370274
15.943191
15.316324
13.714670
12.992136
11.537211
14.188785
9.886677
14.414056
10.530911
10.191072
10.846231
11.376011
9.349853
5.737528
6.598187
7.726221