50
4
110.000000 110.000000
157.550055
151.012594
155.940070
151.215486
144.015588
145.986759
146.885868
142.677497
145.437728
143.433567
136.947087
139.781580
137.903737
136.671106
132.277120
136.396618
133.356033
131.096982
131.605191
128.774232
127.309182
128.451743
129.693242
128.158885
125.789844
121.451619
124.750190
123.048616
117.871220
120.843828
115.229642
120.827892
115.747909
111.283166
110.812084
110.763252
112.167604
110.933678
111.515557
106.579263
105.278031
106.898735
102.536343
107.245893
103.867307
102.481076
96.360304
98.894015
96.951773
96.777304