50
4
5.000000 40.000000
41.785982
41.648571
39.656476
34.580889
32.578374
36.313810
33.831962
31.483986
33.605506
34.554780
27.712072
28.923449
27.451034
27.488890
27.257671
26.663078
29.051421
27.091236
22.852614
19.024329
22.830548
23.411288
21.669329
22.030061
21.197108
21.983257
23.911533
18.397724
22.806716
21.044670
20.458628
18.918079
22.961419
23.388469
23.322390
19.990857
23.617820
22.198883
23.939045
26.197098
24.495391
26.273240
28.116930
25.605891
32.043222
28.490313
30.841387
29.654039
34.864825
35.981315