50
4
110.000000 -65.000000
121.007133
125.415117
119.043574
127.844966
124.419258
124.915297
124.858649
123.799844
126.265735
125.743047
122.410659
120.474660
121.450115
127.326728
123.279452
126.313912
126.922358
125.977455
125.437716
123.543168
123.430682
127.315956
133.550900
125.896598
130.215480
125.621634
124.004356
124.890193
124.710393
129.599097
125.789779
125.934896
127.845670
133.521380
127.747291
127.774742
131.950658
131.237439
132.045242
128.923939
136.622495
134.432809
134.008868
131.984987
136.507645
134.409644
133.172423
132.225662
135.680178
133.993555