50
4
-65.000000 -65.000000
96.312974
94.777551
96.753615
98.019903
98.545492
98.221546
96.262118
101.843031
104.558658
107.532352
109.640559
110.237643
108.387873
109.346370
115.484010
114.017760
113.883928
111.570507
117.658311
114.238917
120.754139
114.263437
120.535612
119.614859
124.551134
125.029335
126.371569
126.899990
125.634424
134.165820
126.514677
127.476018
129.808986
135.386266
137.043435
133.856267
136.503061
140.948763
142.418891
143.482332
140.730253
144.139153
145.064511
144.060707
146.499162
146.256038
148.441224
151.983993
148.658221
147.909091