50
4
5.000000 40.000000
40.045725
39.970669
38.062485
35.171755
35.882440
33.763042
33.985637
32.671895
33.779954
32.040868
31.728701
29.418870
32.821264
26.590102
30.280149
23.000900
26.874924
30.388611
22.329287
25.640099
26.044444
23.352046
21.724019
24.065178
22.784569
17.970980
22.219621
19.256222
20.452680
20.936862
19.851132
20.528019
18.969485
23.827356
19.000523
22.299040
19.181193
23.130041
22.664492
22.118957
27.219784
23.407772
21.666694
25.149081
27.451782
27.424485
26.306708
28.098939
33.244031
30.490864