50
4
22.000000 22.000000
26.169636
22.930281
25.567605
19.635516
24.596233
22.069880
23.056598
18.142755
16.531655
19.864073
20.669619
12.621247
14.000289
13.014585
12.574676
6.417487
10.132362
5.741589
11.699393
3.790105
6.102255
3.430258
6.472043
4.371178
4.791748
1.381891
5.874969
3.743185
5.568643
7.920810
8.345873
10.239675
13.056975
11.920701
10.492160
13.932419
16.373878
15.864888
16.760807
19.823986
20.039529
21.989954
20.899202
17.155039
23.255004
22.101316
26.323667
25.379456
24.567093
35.591293