50
4
22.000000 23.000000
33.173470
28.660451
28.767431
30.511387
24.796102
20.948854
24.230383
19.760506
18.440776
17.027236
18.922239
16.217350
17.308333
14.134902
6.689904
12.127416
7.110543
9.657234
9.349156
3.008750
3.414421
4.025113
3.853905
4.194143
0.143226
1.434217
2.432672
7.255768
6.880435
6.027446
6.984716
9.834691
11.270865
7.580871
11.809640
8.098273
17.094182
12.541356
15.429986
13.492333
18.706757
23.494766
19.666049
17.855121
25.038979
25.293830
24.008127
24.145936
24.348778
31.909866