50
4
-65.000000 110.000000
128.255454
129.245868
127.999516
127.591710
122.856520
127.901782
126.280038
130.249330
129.930586
128.758548
125.563151
125.945566
122.961040
125.369146
128.010491
120.510883
121.771626
121.681312
122.132542
123.389570
121.885143
127.243194
118.081685
121.293376
122.482157
119.894019
120.558655
119.837789
123.856637
120.371882
122.332164
117.840094
118.165398
118.914775
115.989549
121.817373
115.603844
113.215314
120.044396
117.389448
120.893325
117.636959
124.066925
119.719475
119.945010
117.555150
118.430502
117.631608
117.318513
118.579787