50
4
40.000000 40.000000
54.846681
53.646732
51.158288
48.819383
46.240635
45.829731
44.794651
45.104920
46.767781
43.790882
41.076858
41.512941
38.239599
39.796051
36.800940
37.264336
30.833273
36.621998
30.454293
30.115691
30.120245
27.453858
28.065890
28.255075
28.079030
24.200065
23.217709
19.732319
26.683291
19.412524
17.924861
18.272207
21.401154
18.635469
13.519485
15.316540
14.615164
11.950420
12.951012
11.544822
12.907396
5.308901
8.489090
9.935554
9.649090
4.034922
2.497402
6.629787
8.220070
13.133247