50
4
-100.000000 145.000000
175.667803
177.177823
177.655603
173.716270
181.318684
177.324389
173.285551
179.311202
174.295037
175.271493
177.761011
174.972214
170.194029
174.839845
172.684935
169.789217
173.458804
173.433629
171.116038
171.540482
164.500172
172.218118
175.659799
165.866785
168.705840
169.282295
169.867754
170.098291
166.875222
168.487002
169.257778
170.405738
172.217024
168.890802
166.560885
167.293348
166.440211
167.205130
167.734895
167.899705
168.118850
168.131756
164.208054
169.419334
171.055390
168.793496
166.895048
167.806137
168.135537
167.704721