50
4
22.000000 23.000000
29.011672
24.800687
27.271511
24.662065
24.086662
22.323332
23.299500
20.012302
18.725921
20.260392
17.895104
15.438538
13.837869
13.319411
14.971134
9.101764
16.036212
5.918737
8.420572
4.060989
9.275063
4.202550
5.419501
0.991503
-1.755566
3.529745
5.170485
4.744580
5.529720
8.341950
5.160528
11.742484
9.565160
11.282145
13.277888
10.593032
15.133418
13.283031
17.815246
19.062394
17.975381
20.710088
23.336404
23.017355
24.306082
22.611546
26.921374
26.150837
25.757593
30.692990