50
4
75.000000 75.000000
102.448123
102.590620
101.015503
100.785242
101.246642
96.044894
97.459718
96.035959
90.927550
90.936239
91.687802
89.163741
88.949062
86.258777
87.913096
83.461571
82.549035
82.367090
81.232222
80.177163
79.786159
79.572227
78.197622
80.018163
75.100491
74.131158
72.216361
74.574309
64.274493
69.083961
65.498907
68.862620
69.500960
64.897250
67.320144
61.650051
58.940102
63.515405
57.698231
61.873521
56.272623
56.724232
56.620093
51.112018
52.788131
50.833237
55.307396
50.634119
50.127295
47.276604