50
4
145.000000 145.000000
199.657055
201.428839
199.551412
203.019172
199.642460
193.598330
197.016947
194.163673
193.835683
191.191631
191.748233
187.613948
185.833620
185.186528
185.404259
186.924153
178.815699
181.549414
181.619520
182.684464
178.059157
181.199490
179.010021
178.049992
176.789371
175.785354
171.206174
173.174099
170.112459
170.277657
168.360650
167.191104
163.266216
163.387578
161.523563
162.661135
164.684673
156.132321
158.634001
157.891447
157.285729
158.465779
152.403827
155.993254
152.071993
150.193370
147.577523
145.814189
150.623667
147.507990