50
4
145.000000 -100.000000
172.826668
173.497325
176.691727
172.310233
169.187577
171.508235
177.542267
172.463597
170.983191
174.138556
172.561562
174.296692
171.648716
174.872754
176.715376
178.782452
172.684667
175.663965
179.347702
172.575396
178.612529
176.571379
172.897916
179.395951
175.076700
176.922071
176.398567
180.628754
179.797041
177.612883
175.587770
177.578116
176.123226
180.653988
178.530306
180.477850
178.313333
179.047946
182.043831
182.803376
177.280113
183.425437
181.015519
184.879862
182.340565
177.508528
183.439673
184.560167
182.949048
181.501306