50
4
40.000000 5.000000
36.836112
35.592968
34.634697
30.086992
33.759226
27.485626
31.966434
30.143731
31.244917
32.182991
30.631826
30.560446
28.981909
29.349019
27.199838
25.408510
29.357932
26.895142
33.355499
27.063715
25.964353
26.125618
27.131908
25.446281
25.871824
30.558965
30.712189
28.258100
29.889634
30.410886
27.868689
25.984397
31.993851
28.549221
31.708507
33.347027
34.345456
33.067226
36.858226
38.441624
35.283745
37.709398
40.110518
37.757193
34.882847
41.105332
41.636927
40.269851
41.096704
42.052877