50
4
5.000000 40.000000
38.389017
38.652128
38.940992
37.094450
34.661942
31.402930
36.233828
32.842101
29.847414
30.929140
31.241478
29.427418
28.880085
27.399396
27.194846
28.821267
23.440235
27.390551
24.547003
24.404327
20.109574
16.283003
22.637099
21.227677
21.994453
23.831084
21.983682
18.706264
20.434152
26.387522
24.857997
17.995521
23.712029
24.264431
19.060847
24.203085
21.130129
24.438789
23.077890
23.605771
24.340870
27.935640
27.634527
28.433027
24.827227
31.231828
28.860221
30.615362
33.512111
33.835773