50
4
110.000000 110.000000
158.028702
155.385876
151.692115
150.615980
144.094041
149.433939
141.668573
143.734050
143.994501
142.489392
140.875655
138.271650
139.056216
137.304276
135.101841
135.930132
128.023679
131.492612
133.502906
130.537166
131.279446
125.721613
126.420363
127.227832
121.542216
125.458033
120.248160
119.270778
118.957412
118.051428
116.356547
114.513334
117.679335
116.514046
115.754715
111.663520
107.656362
110.481572
111.001702
108.142391
112.509337
106.532756
101.602354
102.723654
98.385134
101.655864
101.118703
97.513057
99.973889
96.458724