50
4
145.000000 145.000000
202.842427
201.871578
201.176976
199.101006
197.667337
195.996519
195.163145
193.983867
191.886091
191.629615
187.020882
187.669255
190.293124
187.736525
183.038095
187.072344
183.030030
177.841340
180.085434
180.018672
175.970767
180.257582
176.313399
173.366462
180.287158
172.777218
171.181375
168.432527
166.424053
165.342151
167.921465
168.766767
163.981817
162.480355
162.093316
162.060794
160.569451
161.724004
158.109630
158.971391
157.205101
154.600080
150.429492
153.265505
153.034320
148.755983
152.735850
150.152602
147.384783
144.216907