50
4
5.000000 40.000000
37.593960
41.045509
35.680281
38.896304
31.888747
37.612995
31.699754
34.520165
34.434625
29.729464
28.623357
29.852845
26.753772
32.845027
29.505941
29.961765
27.698580
24.745414
22.486813
21.956311
23.960260
24.198952
22.118875
21.539943
23.145365
24.394920
25.690885
24.439716
19.800510
24.399389
22.516851
20.205699
19.100904
22.242802
20.427386
24.395854
25.545759
25.165201
23.563587
24.626651
27.115430
24.094979
26.132706
31.285816
32.763271
29.868853
27.908583
32.548748
31.351172
32.597377