50
4
22.000000 22.000000
30.936552
27.296099
23.836899
24.333334
24.752174
19.371993
15.200089
17.771583
20.957966
21.010063
18.993321
18.724741
17.248934
16.001175
12.159064
10.383544
7.481771
10.007226
3.516613
5.918318
3.135795
5.766915
7.478240
3.110457
2.959441
6.268244
1.521116
6.457334
0.836024
3.876767
10.554788
7.953392
11.550773
7.718294
12.723510
14.034688
20.393697
18.906306
17.615493
18.726753
21.119498
23.398797
21.865754
18.160645
24.778984
25.108209
27.065612
28.626104
31.382845
28.392231