50
4
5.000000 40.000000
40.583051
36.561065
39.901440
40.739522
33.956145
33.699170
33.342456
33.666235
30.315214
32.755151
27.884446
30.177879
29.279028
27.027020
29.542512
24.715463
23.740463
27.894929
24.813098
23.291423
25.393131
26.711238
20.841006
23.247711
21.452153
19.849942
18.376828
19.713888
23.018163
22.393374
18.472060
23.004185
24.202683
20.620336
20.248937
23.073304
24.340353
26.832393
21.945124
24.902649
28.128118
23.749939
27.012030
25.798513
26.919160
30.313489
28.574586
32.989968
27.323351
33.010765