50
4
5.000000 5.000000
6.457565
7.445598
2.477378
6.254491
1.557716
0.636613
6.777365
4.355858
12.179259
8.005997
5.005306
7.591570
7.312928
14.175136
13.950024
14.965847
14.766523
18.664933
19.396546
18.017477
18.014655
19.354022
21.934288
25.113805
22.848006
25.408527
23.822679
25.103399
30.709567
30.442532
32.253179
33.681186
31.995843
36.121159
36.658991
36.931407
36.988081
40.301393
41.387923
41.256732
44.892659
44.422725
44.342035
48.124122
44.749404
47.702155
51.659924
50.096589
54.551161
50.433638