50
4
40.000000 40.000000
54.900995
52.760596
49.820318
52.289590
50.216720
49.396862
46.828691
44.103677
46.909292
44.727758
42.821246
41.274440
41.672684
39.160210
36.742228
34.805551
35.266864
32.958837
31.923151
33.121926
30.865934
24.434393
27.671114
23.872989
27.789987
27.998323
23.081446
23.064400
23.204150
19.483147
20.228505
18.667546
15.896793
14.432815
15.802012
14.101446
13.696112
13.112244
8.385453
12.446739
11.174529
6.128871
7.036189
6.633093
6.695562
5.686279
10.987413
6.538727
8.125297
5.991613