50
4
5.000000 5.000000
3.028562
5.429443
5.265467
1.718088
0.906740
4.942509
3.778019
4.863422
5.654271
8.963506
7.839414
11.442248
7.067711
16.333602
11.315189
11.711398
14.447006
16.840727
13.674481
19.332029
20.344951
17.707764
22.213786
23.478254
24.526603
21.718266
29.944242
27.812707
25.201299
29.138014
33.382832
31.857267
35.375787
33.317120
40.017579
37.935479
39.279219
45.293844
44.687081
41.064380
41.054825
46.807208
44.677558
47.463020
46.990183
47.692798
47.721492
48.360708
52.152182
52.424592