50
4
23.000000 23.000000
33.487766
28.782144
29.041175
26.076886
22.207909
24.618488
21.819256
16.177923
22.278231
19.574334
16.807383
15.087424
14.129162
15.155713
13.074511
14.744614
11.231868
8.995767
4.815814
9.967348
7.303180
4.873471
2.643809
4.585051
7.487183
7.931495
5.008451
7.336192
2.965839
1.950210
8.784043
2.044680
8.941944
5.464550
11.585433
14.621627
11.169740
14.614907
13.930724
19.309221
18.473078
21.516904
24.122076
22.779892
22.112178
22.292426
25.329539
24.439098
27.560383
29.771689