50
4
40.000000 5.000000
37.771285
34.038240
35.080639
32.946471
28.415983
34.651032
29.888786
35.786346
28.533913
27.453889
25.496565
31.558438
25.833059
28.531612
32.006535
25.633157
32.339938
28.965733
28.645357
29.106536
28.504193
31.886492
25.562972
25.909590
26.789336
26.761189
29.812232
27.649044
29.131592
32.308661
29.701443
29.669962
31.437857
35.812457
29.704943
33.322296
37.682897
34.018820
37.845291
37.613310
35.922770
34.456211
38.497104
38.699244
40.074308
35.528547
39.938524
42.276419
39.489327
40.953654