50
4
145.000000 145.000000
201.115375
196.045313
202.637202
197.854805
197.254183
197.097858
197.798393
193.866875
189.550437
190.640337
191.662835
190.359254
187.966393
188.105868
186.780043
184.641014
182.326954
182.591699
178.466371
181.732252
180.729317
175.911895
179.674141
177.288070
173.134547
176.132292
170.099472
170.610388
169.786414
168.460002
167.851720
167.022809
166.584914
161.010409
164.659079
166.392040
161.251849
161.084736
154.556864
154.200231
157.685727
152.857475
157.560750
150.031322
149.539242
151.713151
147.939771
149.967839
148.629434
147.786146