50
4
22.000000 23.000000
31.087536
27.228236
30.783405
27.201809
24.259016
20.364191
22.841124
17.836630
17.659635
15.818691
18.511101
14.897863
11.934230
13.801433
15.733395
8.811709
11.637995
6.829900
6.517470
9.688578
-0.639362
4.257481
3.406168
6.592724
0.620164
2.117946
0.756279
3.820988
3.751161
8.344210
3.240093
6.515973
11.625369
11.664219
6.423957
10.460773
15.569897
16.135067
15.937791
15.599399
19.825617
21.472834
22.356342
22.404147
24.277115
24.055834
27.157320
25.731006
26.126240
27.266996