50
4
23.000000 23.000000
34.691579
28.854606
28.756476
27.103971
27.462388
26.017409
23.285662
22.634080
20.143501
17.388176
20.098740
15.744921
13.782967
16.247263
13.284732
6.546881
10.638592
12.753155
11.925539
9.002121
2.540410
6.877793
2.417556
0.000000
6.958800
6.359389
8.356770
0.582075
3.767891
6.765692
4.370848
9.273188
13.649935
11.859722
7.721893
15.954718
14.154109
11.018648
13.971272
19.680692
19.596296
20.499964
20.847554
17.957671
23.555684
22.905962
22.997638
28.611545
23.425090
31.122587