50
4
40.000000 40.000000
52.706545
51.332389
51.506069
47.960096
44.939402
47.198007
43.723490
41.335704
43.492012
43.608979
38.719780
41.413969
37.419708
33.571279
38.743687
36.362267
35.490396
31.909250
28.981455
32.361891
30.769516
24.549724
27.816738
24.834131
25.493701
26.314357
21.744637
24.097606
23.222036
18.914712
22.678266
23.370310
13.961209
19.057780
11.954352
14.873391
15.204552
9.567163
10.166784
6.505738
8.872596
7.662397
7.567917
10.481401
9.573991
9.236858
11.386894
7.443745
8.140006
8.133210