50
4
40.000000 40.000000
50.890429
47.656801
51.932380
50.395715
48.346419
44.560659
43.876247
45.035516
44.782167
45.101713
43.323762
37.763877
39.247001
37.567543
40.644405
39.491406
34.904126
33.240101
33.354636
35.457530
30.224045
26.633851
26.772864
26.031505
28.396864
24.431194
25.774886
18.931580
18.781725
20.346599
19.275978
20.406770
15.181501
16.817102
12.334423
8.615535
12.652935
18.400629
13.292631
10.117926
8.251961
11.981411
8.934956
3.725017
13.984997
9.124407
9.265554
6.065795
6.669080
7.067132