50
4
5.000000 5.000000
3.829559
7.202780
1.767858
2.618770
1.279205
2.148326
3.653504
4.317775
6.853182
7.638796
9.558011
13.680205
10.110841
13.924199
13.447850
14.444430
12.227678
12.914174
13.845646
16.982454
21.074708
19.663386
22.372433
22.812958
23.645285
22.688153
22.147002
27.519626
29.380990
32.077467
32.224545
35.672744
31.528404
34.706810
35.043169
36.121429
38.848718
40.879608
37.624460
41.463100
41.520793
45.918187
45.063248
45.795841
51.305212
44.425220
48.533936
49.181014
51.617140
50.378075