50
4
5.000000 40.000000
35.730780
39.915015
37.000976
31.720412
41.169620
29.881451
30.982186
34.113258
35.038263
36.778952
31.359771
30.360914
29.108189
25.665981
27.325414
25.663565
28.033953
25.797461
26.568337
24.011395
23.327158
22.416429
20.250805
21.267718
25.721296
20.467872
21.675300
18.824652
18.599187
20.204988
22.621125
22.545271
19.338113
17.370966
22.635498
21.881974
26.627749
24.171398
25.075384
26.557420
25.464283
28.017011
25.143271
30.697199
30.143458
28.750895
28.128847
29.909873
33.444687
28.253978