50
4
-65.000000 -65.000000
92.414149
96.613520
95.548699
97.193978
97.466061
99.937611
103.753313
101.464422
103.370182
108.392134
104.778506
104.117245
110.038807
106.509601
111.003571
111.125964
113.672598
116.984222
117.062407
116.865969
118.983099
121.336809
118.853712
121.921145
122.681811
127.116463
120.445748
127.974625
129.110025
127.477147
134.732006
128.611877
130.662570
134.331614
132.931170
133.319161
136.320069
135.029558
133.924857
139.312829
145.289548
142.449217
142.709466
145.449888
148.286036
143.423559
151.026405
147.053623
150.217472
157.070111