50
4
23.000000 22.000000
25.210844
27.305868
26.709038
25.852042
24.483397
21.435631
23.343419
22.330011
22.876442
18.948358
10.377488
17.383818
15.476657
15.824845
13.535242
10.462949
7.491672
6.981051
8.439318
9.010493
2.969857
5.933044
4.288135
-0.368530
2.170715
7.289052
3.011206
6.505602
8.549938
7.306977
6.158602
7.768670
9.406358
11.815834
10.197727
12.766054
19.317944
16.672732
17.092995
14.032441
21.479367
20.502488
17.992032
20.836136
24.960645
25.291750
22.182842
27.634057
26.752957
29.913524