50
4
-65.000000 -65.000000
92.690462
97.928163
102.316187
96.630106
100.568760
99.750514
101.816333
101.658720
106.384839
109.476154
107.069966
104.202059
109.653952
111.669811
108.415109
112.795739
113.509939
112.108612
118.825758
114.721572
118.234580
112.457929
124.010707
122.147558
123.319932
122.234597
125.625501
128.459091
125.665732
129.825697
133.994543
127.267434
129.511571
132.347397
133.053225
132.961559
137.892855
140.656104
139.077507
137.257465
140.540217
140.734786
142.589974
142.439224
148.335030
147.251911
147.662260
148.907174
148.109389
149.656384