50
4
40.000000 5.000000
35.283064
33.619570
34.620416
34.011266
34.064031
35.664464
35.915506
31.882424
35.299363
26.248120
27.473640
28.415750
27.393364
29.519875
29.168550
27.364302
28.624291
30.319666
24.643005
27.438689
31.239312
29.803271
29.533199
26.518442
29.452003
23.440247
29.261394
24.756317
27.409058
31.937091
30.934248
30.569808
27.161312
31.960253
33.638992
33.959328
31.931842
30.462586
33.070797
33.226613
39.747359
38.105873
42.647433
38.099036
38.904485
37.989492
43.580252
38.091136
38.608200
45.640802