50
4
23.000000 22.000000
31.705653
22.983549
27.681446
25.854530
28.679280
21.667550
19.993266
21.259825
18.308921
18.991637
17.279296
16.405691
11.574687
14.367286
13.209519
12.446857
10.783103
8.575515
9.800474
6.980470
7.641432
4.149449
8.761112
3.608520
5.840238
5.973689
2.237750
4.996915
7.628005
9.390066
8.811021
8.220656
9.646818
11.960970
15.127367
14.480725
11.552624
12.451345
10.524226
17.498994
16.811246
21.188717
22.253969
25.159042
23.794518
25.032084
26.367925
28.554181
26.018713
29.474411