50
4
-30.000000 -30.000000
45.631941
41.250394
49.348648
48.213739
50.602028
46.651799
53.006296
54.432347
54.192631
57.923390
55.700621
59.415365
55.753600
62.154092
63.888033
63.159843
63.919181
63.824001
64.313734
66.003552
68.277393
70.818491
76.308061
72.713165
71.480007
76.521688
77.675450
79.538494
75.041631
80.943134
80.878991
86.475777
83.336392
81.869604
84.005288
81.876394
84.385697
89.238106
89.935605
88.200131
91.258586
94.558008
91.647298
94.113914
95.832916
95.897070
99.058580
103.842965
99.395399
101.203591