50
4
22.000000 22.000000
24.883722
28.295879
26.831592
22.082387
22.764450
23.937124
19.503296
21.249739
18.020307
16.586147
14.687101
11.978574
11.711389
10.314081
11.915611
9.224520
8.918263
7.450704
3.880986
6.771917
4.842233
2.494690
2.917694
0.767517
4.756020
1.553113
5.657686
1.144759
10.516693
3.635630
12.512694
9.085483
11.177275
14.223640
13.198719
13.183201
14.854761
18.463563
13.591769
23.164325
13.942982
17.958088
20.838217
28.013025
26.796446
26.954459
27.942724
26.802396
23.959601
27.884801