50
4
23.000000 23.000000
29.313301
25.148078
29.215233
26.941460
21.586719
23.522753
21.777977
20.584171
19.540938
18.129850
17.644039
14.160912
15.050096
12.538970
12.136580
15.283547
8.607650
9.661819
10.106530
6.551217
0.745649
5.748949
2.705100
3.952669
0.354282
0.635975
5.520208
7.290540
5.622600
5.300003
5.503368
3.264775
9.459050
7.030569
11.363831
15.037880
12.327077
14.833269
15.942694
16.356596
15.344643
21.297674
20.992402
21.750151
22.172217
22.977506
28.716092
26.202263
29.557059
26.349491