50
4
23.000000 23.000000
27.045727
30.656577
27.506909
22.712515
23.139809
25.516944
22.505805
17.990202
18.788718
13.645471
16.395212
19.977536
16.209686
13.677376
10.469330
9.836712
8.530804
10.361022
9.653411
9.207758
9.533061
2.430256
4.340926
1.793569
7.215682
4.401061
5.468349
4.962504
3.476685
3.047575
10.486418
6.211360
12.874992
7.695279
11.536899
14.180423
13.925055
12.883321
19.956821
17.021675
18.674607
16.379940
23.094377
22.168046
21.473035
23.807592
26.958313
25.783445
23.966739
25.745297