50
4
-65.000000 -65.000000
92.336984
98.342131
96.764174
97.709022
99.258280
97.994527
102.418664
101.868688
101.908802
109.043198
105.879954
107.076636
106.164237
108.912423
115.063474
111.814840
113.050273
119.395355
116.955120
117.801621
121.469394
120.517876
118.687305
121.802882
123.981296
127.212584
122.537992
127.803800
127.833580
132.153964
130.003550
133.546658
131.178846
131.280384
134.491253
135.185759
138.101702
135.541731
143.131019
140.521101
140.772011
145.965151
143.635518
142.609525
146.339048
147.652847
145.474496
154.395683
151.872460
154.338476