50
4
75.000000 -30.000000
79.146160
79.130421
76.755893
77.633183
73.777159
76.909713
72.577302
74.711523
76.312720
74.387060
77.568662
74.050631
76.781406
75.280618
76.487009
76.731272
73.852473
80.801228
78.636431
78.214879
79.253599
76.637016
74.998186
76.082326
78.963819
77.253888
76.937397
80.396110
80.755474
81.470093
79.041324
81.239897
78.379327
81.513493
79.546537
81.113835
80.437622
81.781555
85.277582
81.208544
83.267311
80.459361
83.283528
85.700812
84.085853
88.086713
88.468915
86.639712
88.766538
86.128538