50
4
-65.000000 -65.000000
90.940068
99.026961
102.925210
96.891613
99.507850
101.050503
103.256662
103.043366
105.250192
100.716051
103.122751
109.738690
107.688277
112.026209
115.805715
112.699237
115.477034
116.407351
115.245633
117.196351
122.044070
119.898267
123.829699
119.956999
122.517550
124.728528
123.389164
125.421457
127.713189
128.999148
131.274637
130.459713
134.145902
129.007001
137.834787
136.501090
139.446105
139.938686
139.278447
138.229264
144.255468
144.780420
143.513040
141.964808
143.221262
147.715211
146.172677
153.317413
149.695038
150.976817