50
4
-100.000000 145.000000
180.429428
175.534260
177.897318
177.011377
178.504361
174.078972
176.554367
173.377729
174.928877
180.544455
171.635668
171.746338
171.240535
170.556103
174.686514
169.715722
173.917490
172.674265
171.338909
169.902899
172.432404
168.180021
170.459285
167.115260
168.086198
170.128608
165.947324
172.528526
169.925383
168.482832
168.895634
169.814043
166.293397
168.885952
169.031684
166.198528
170.988839
166.448658
165.647462
170.603438
166.070898
167.376678
165.393358
167.807545
164.649216
169.755113
166.842318
169.357800
166.766754
165.853353