50
4
75.000000 75.000000
102.235966
105.716090
98.859378
100.437827
102.747723
100.117041
94.508227
93.975413
92.140535
90.062294
91.823987
87.161933
87.185157
88.947257
85.385507
80.575698
82.341501
83.804891
80.967104
80.647093
81.488669
77.283720
76.278502
76.162205
80.674778
73.385570
72.269234
68.973452
69.051705
68.554296
67.724485
67.462975
64.303581
68.394535
63.527078
66.845931
60.335321
59.971472
59.390514
55.473404
59.643533
54.380937
56.995038
52.899137
51.471489
49.577226
50.897307
52.642559
49.706028
50.226743