50
4
23.000000 22.000000
27.705610
28.796050
27.836111
24.306053
20.917621
23.755899
20.496356
17.964450
22.169001
17.032258
13.388641
17.289977
10.409873
14.308504
13.649226
11.357227
9.045847
5.839648
8.021226
4.234370
3.811859
3.547836
5.148965
6.093636
2.882841
4.694404
4.811317
5.765555
7.824696
7.598358
8.049537
1.514619
13.934591
12.153887
11.509682
14.371093
14.913896
17.170334
19.354716
18.231506
19.988064
20.470057
21.877184
22.621731
22.466776
22.566641
28.548757
24.348078
28.893712
28.536731