50
4
40.000000 40.000000
51.719831
53.480590
53.864276
48.943532
49.959364
48.691889
46.325178
46.178716
39.311688
41.038333
39.324539
37.179459
38.151988
42.423546
37.486420
34.439613
29.579353
35.729049
28.801027
29.883793
29.383475
26.937569
32.800683
27.406100
23.926256
20.753071
23.246155
22.097593
19.746504
16.343982
18.331884
19.233134
16.036475
16.627699
12.922611
13.099391
13.041702
17.588475
12.389177
10.570042
10.409632
9.572463
8.873990
7.331866
10.841791
12.758352
6.090763
9.947002
8.956623
7.102435