50
4
-65.000000 -65.000000
98.328463
96.288111
98.859622
97.670916
101.255371
97.861582
102.048587
107.591325
103.376075
100.860823
106.572038
107.231192
108.672011
106.945820
112.534069
114.528315
113.155543
111.413654
115.709309
110.951005
116.912067
123.979697
122.330749
120.413107
123.029650
126.277863
127.230936
125.562358
125.788012
128.155649
131.077773
135.401488
133.569661
131.598507
130.475715
136.466197
134.779642
135.246105
139.041046
140.016580
141.130622
145.005162
145.171705
139.618565
143.638896
149.781424
150.366257
149.341517
150.582891
148.778109