50
4
-65.000000 -65.000000
92.804399
99.551469
97.939656
101.030331
95.267392
104.419206
103.625272
101.460833
107.438689
103.792901
106.820524
112.766334
109.780216
110.497806
113.236211
111.842660
109.880751
114.267142
113.437395
118.564163
118.231699
117.826044
123.454442
123.420683
120.760651
123.908630
125.324387
129.049213
129.613044
128.997353
132.756721
133.420787
130.512020
129.494155
132.521487
138.714870
135.245450
134.062696
141.006824
143.428770
143.179105
141.195535
142.327984
144.661821
146.638913
149.271129
151.131827
151.244438
145.518296
151.001859