50
4
23.000000 22.000000
27.704089
26.757303
24.744937
25.974761
24.312933
27.627631
19.927163
16.409172
19.580054
23.194757
18.506702
18.581225
12.890572
17.090038
13.416556
8.985835
13.577535
7.286462
9.065352
1.045442
9.693242
1.677459
3.532657
6.479446
3.668323
3.742577
4.696879
6.251503
6.073224
10.321281
7.504510
6.380975
8.863071
11.821384
13.932791
10.119185
14.723943
14.174361
17.245843
19.436275
17.490664
18.780051
21.643537
22.384677
19.770091
23.122757
24.099206
24.046840
24.611113
26.922281