50
4
5.000000 40.000000
37.746441
40.857394
37.339785
39.724604
38.256993
34.116541
35.649710
33.689081
34.796818
28.594160
33.971048
30.503697
32.240806
28.065020
26.028130
23.146110
26.779992
23.467644
22.539042
27.823059
18.653805
18.896254
25.485168
22.467944
18.309387
22.248800
17.402445
21.230824
20.818408
19.282152
17.266502
20.496700
22.615400
19.055575
22.039030
22.030936
25.661852
21.826417
22.140849
25.312498
26.346201
21.815765
26.043293
31.258915
26.482374
31.408001
28.973985
28.552314
33.162671
32.996585