50
4
-30.000000 75.000000
81.637550
82.528773
82.608082
77.829210
75.959020
85.038733
84.550850
78.423649
80.326419
77.933963
77.035959
75.635302
78.698977
72.468604
72.718754
81.090874
78.976395
71.460774
72.748723
73.623434
69.774110
76.936108
71.242613
71.486731
70.213821
73.356630
71.301933
68.386202
67.747732
72.112699
69.055890
68.447500
68.740555
67.011849
70.360908
65.961485
67.618389
67.340233
71.507578
73.386840
69.499258
71.802978
68.475129
68.745204
67.782955
70.851506
65.172928
71.489104
73.098443
72.397870