50
4
40.000000 40.000000
52.930322
53.167722
51.223732
47.425080
52.040122
44.929828
46.314790
46.100794
44.423920
42.081353
42.236587
39.955645
41.731739
39.305006
36.189955
37.950895
32.967489
34.317771
35.027426
30.448526
29.110253
28.233837
29.401999
28.503716
25.573276
24.668901
21.084134
23.200853
20.938023
17.981238
19.048280
15.624263
16.231053
17.006010
14.772316
16.152093
12.131025
12.312592
10.090911
12.298157
10.895931
14.198101
12.306766
13.041618
8.750184
9.333697
6.022866
10.374343
6.662995
7.378186