50
4
40.000000 5.000000
39.936016
39.903083
37.290622
37.160735
33.752079
31.257379
27.353207
28.699453
33.816846
29.234795
30.867528
26.304801
24.554799
29.673531
33.917310
29.065205
29.767643
26.356415
23.949370
28.466428
32.796493
26.758951
30.393550
27.815426
28.441020
23.542595
26.981696
30.554322
33.646278
30.157655
32.176588
27.141917
29.178904
27.666564
35.412244
31.636428
33.617491
35.820185
37.739570
37.258915
35.831523
37.484668
39.627085
40.667526
40.764014
45.241309
42.421097
38.689121
43.474580
42.485920