50
4
75.000000 -30.000000
77.028611
81.070525
80.500659
77.294367
78.971379
77.288766
73.986885
75.567669
70.129120
75.737445
73.943324
73.853221
78.427456
76.054759
72.971517
76.114836
74.736880
73.818823
73.348901
78.125267
75.121154
77.399013
72.939944
76.272858
79.015964
77.721972
81.359967
77.141808
79.489293
78.803179
79.171455
79.934897
82.063822
83.221054
84.304581
80.575275
83.142922
82.429157
80.515352
83.257963
81.749938
87.900201
83.187173
82.339523
82.146997
82.892523
84.629987
89.194087
86.624303
89.785503