50
4
75.000000 -30.000000
76.434091
76.733343
74.329206
74.487561
71.724472
75.897749
77.128086
75.062168
72.140950
77.607988
73.734168
73.199618
75.456507
73.485278
73.014020
72.255274
74.701788
77.303170
74.297875
81.083914
74.684522
75.876338
75.392762
79.810375
75.760879
80.910485
80.616536
81.290584
77.652921
78.138606
82.698605
81.743537
83.117633
79.172240
79.658702
80.421480
77.469618
80.630353
79.111770
86.161161
84.702177
86.572383
87.264992
82.447340
81.343677
82.752531
85.952425
87.364259
84.756205
84.850942