50
4
75.000000 75.000000
105.391760
103.072515
99.685450
102.709065
95.252957
96.163428
96.150320
94.334990
95.043904
92.941401
90.541966
86.859378
86.156243
89.413441
90.103778
88.664501
85.825293
83.362378
78.821676
80.396430
80.530110
76.388519
76.358824
80.835453
78.150422
75.150645
71.596283
69.270798
68.789517
62.394212
67.260952
71.596654
65.660447
67.384491
67.538799
64.354977
62.017996
61.327800
60.897309
55.992114
56.600034
53.605602
55.620182
50.945369
56.354337
51.275989
48.035976
47.824064
51.927296
49.366479