50
4
-100.000000 145.000000
177.971944
181.508387
176.886555
176.729198
177.567110
173.580449
178.219244
174.998916
178.355407
177.403251
176.763949
175.384014
172.413898
174.998216
177.177796
173.176161
170.822429
174.659642
171.708190
171.991271
172.015869
169.102723
171.112706
170.801483
171.800183
169.870599
169.670595
165.223385
169.158432
168.683585
167.188799
168.285224
169.460404
171.225644
170.314493
168.680196
168.136445
166.589741
163.649612
166.849579
167.184551
167.176469
166.089051
168.005185
169.820172
168.349667
167.942990
167.649252
167.803685
170.374965