50
4
110.000000 110.000000
150.625356
153.751834
153.839075
145.139143
150.636270
146.657508
147.426534
142.582627
142.107235
140.550184
141.071243
141.218888
138.746907
136.655616
135.862126
134.973565
131.126011
131.196992
133.184285
132.963314
129.678188
124.162518
125.838928
123.458372
123.776905
121.295364
124.239640
121.033822
116.366292
117.822572
118.228262
113.790577
116.730955
115.621543
112.670771
108.684790
110.696613
111.475319
107.149940
107.125408
103.475820
103.913850
104.818216
102.611251
102.621749
101.770956
100.510599
96.588168
97.262319
98.968391