50
4
22.000000 23.000000
28.236510
26.883964
28.181871
26.707198
24.181658
24.364499
18.975752
19.323325
17.282301
20.086264
17.275552
17.997927
12.785433
12.225626
12.508038
13.991834
7.807982
10.350709
5.832566
6.151388
3.894839
2.779967
5.660183
0.000000
5.009732
1.834461
6.038417
8.050004
3.358897
4.766308
13.489432
9.585212
7.503624
14.048016
11.325445
14.646899
15.317709
17.198627
15.133816
14.371670
18.105707
21.129574
23.959144
23.172038
21.326725
21.366865
26.166139
25.909110
28.209373
29.571402