50
4
-30.000000 -30.000000
45.051605
49.243166
47.978637
50.403846
51.353230
50.413123
52.616536
57.634664
55.239623
54.043941
56.507399
57.798171
59.758061
59.697878
62.440327
61.176928
62.878963
65.101405
62.854551
66.944999
68.138553
72.698442
70.228654
69.488102
71.961302
73.951811
74.096636
77.859785
79.262526
77.086621
83.827440
80.443865
81.715282
82.892445
84.723531
87.235351
88.052444
89.767406
88.259360
88.322869
92.443326
96.071038
94.882523
95.328171
99.899108
96.784668
94.663466
101.581815
103.679853
100.339361