50
4
75.000000 -30.000000
78.001802
76.374124
77.876623
78.158262
74.413310
70.134654
80.450759
75.382663
78.927703
76.046898
74.061399
73.221053
72.509072
74.717046
73.060156
69.130352
74.422785
75.086195
77.262956
79.209042
73.550191
78.340582
78.708040
79.997960
76.558792
78.254294
77.405905
78.808593
81.092485
78.688346
81.339516
78.617571
81.202253
80.861228
79.866335
78.524394
82.395154
82.838384
83.152505
80.300199
79.918981
82.557682
81.676116
87.650422
88.164829
86.028004
82.946458
88.307247
83.156214
88.023637