50
4
145.000000 -100.000000
171.066330
175.186672
172.359761
172.050158
173.452780
172.770101
170.315253
171.012878
173.265023
173.131706
175.335576
172.274536
175.409543
173.393184
172.667041
175.827232
175.893112
170.337219
179.978125
175.767737
174.531696
174.409733
173.080890
176.890069
174.572126
175.731299
179.454418
174.882591
176.435199
174.167577
181.069728
178.175680
176.760455
181.540168
181.038291
181.782606
178.293610
178.665505
177.970503
184.860599
182.957594
187.565206
185.028311
181.149757
184.664993
185.851926
180.349451
182.205922
182.634444
186.256011