50
4
75.000000 -30.000000
79.670837
79.814022
74.783611
75.205490
75.080527
78.624829
77.083152
75.933369
78.032587
76.457741
76.027826
72.865123
79.766484
76.016174
76.066854
81.512035
77.130817
71.129249
75.894297
81.597421
76.663453
76.578808
75.021360
77.677092
76.575946
75.883167
82.211484
77.621787
77.183983
79.606104
79.232190
80.744998
81.209357
81.966087
77.314856
80.072332
80.897893
81.553926
79.607617
80.380488
84.222740
79.197406
84.895273
82.065350
84.421779
88.030717
89.017641
86.127414
84.398372
84.255571