50
4
22.000000 23.000000
29.638455
28.263661
28.471738
23.977456
28.321820
20.709178
19.093504
17.050359
19.911787
14.684351
14.006692
13.355782
14.264551
11.386647
14.559757
11.771906
7.154582
12.007831
9.832382
8.238385
5.464806
2.963527
1.868820
4.957145
2.243156
3.313126
2.347288
1.925267
4.924979
6.100016
3.436611
7.222167
8.692106
8.196482
11.802980
14.080711
16.777649
10.495543
16.178170
20.016036
19.510755
22.590812
22.293922
24.123364
27.311294
22.819994
28.392079
25.927654
28.364737
32.381194