50
4
5.000000 40.000000
40.221779
36.848548
40.348279
38.804042
38.858648
34.378435
31.873358
36.298220
30.568266
29.982608
31.427426
28.198114
30.587336
29.033046
26.964109
31.316183
21.439481
23.283243
27.137342
24.757591
25.656137
22.396001
22.156072
24.185906
19.289262
21.860404
18.744654
21.114303
23.289443
20.913977
19.628419
16.023052
22.698598
25.347306
23.899058
23.230988
21.570664
22.338903
24.255740
24.176272
27.139052
31.964382
30.540571
21.400032
23.835668
27.454765
30.754774
25.366217
29.427358
31.145478