50
4
5.000000 5.000000
3.833249
5.113483
1.795465
2.841703
2.588882
3.083260
3.859784
5.096426
1.747898
6.437549
7.962573
7.407732
9.431094
9.614871
13.313538
12.859138
16.482706
17.870749
20.333165
21.493742
15.673927
25.196972
20.900919
20.585582
22.127423
26.483192
24.800057
31.111216
30.072574
30.678535
31.443832
36.484210
38.762164
31.116787
33.991657
35.931101
36.531963
38.731012
42.948700
40.956751
42.436100
45.501703
49.015641
44.023724
53.210287
53.955389
48.099746
48.997894
52.483341
49.275373