50
4
110.000000 110.000000
151.699329
151.437252
151.388959
147.852287
144.895632
144.170016
146.744040
144.531318
143.486108
145.557857
138.959211
139.446135
138.282769
139.876327
137.218091
135.087707
131.827866
129.159215
130.602862
128.258314
129.258520
131.753970
128.535444
127.182830
128.700261
124.885671
122.993174
119.851119
119.106857
118.417845
111.408237
116.550334
118.078483
114.730119
110.848678
112.449086
109.989031
107.075742
111.921784
106.574085
108.400451
102.316608
101.658554
101.522904
100.849795
99.152558
100.499574
95.487376
97.768426
98.726212