50
4
23.000000 23.000000
26.236794
26.662728
27.835329
28.422133
24.437816
22.024128
21.917295
19.445259
22.493215
15.720753
16.795757
19.396620
14.476710
11.936804
13.819892
10.381093
13.921204
9.311203
9.496194
10.320366
2.739609
4.607695
1.836048
5.732001
6.692165
3.215893
0.000000
4.805556
2.079497
4.184964
5.012933
12.056009
13.414611
9.050864
7.308484
12.304103
15.269833
15.706665
16.051721
17.041825
20.502366
20.531378
22.149561
17.679154
23.152015
25.232310
23.161755
28.614060
30.984281
26.087501