50
4
22.000000 22.000000
28.963592
27.267132
26.923208
23.431287
26.734429
20.761660
20.696688
17.169620
14.499109
17.457298
16.561110
16.760600
14.104478
11.065850
10.577696
14.341004
8.329475
6.538273
6.386403
6.412343
6.116966
5.379618
-0.990387
4.954961
4.424832
6.756046
3.352845
7.179857
3.798810
1.836335
9.115102
8.672116
7.086690
10.947139
13.395800
12.083638
14.843801
17.000286
19.221097
18.734600
22.213747
22.131090
24.366877
24.994675
25.319642
25.432079
27.559710
26.010538
29.065288
34.356414