50
4
40.000000 40.000000
54.415822
50.844297
49.013143
48.154837
50.760637
46.038633
48.111390
41.840488
45.270680
43.583621
42.973573
38.158277
41.235352
36.937769
38.808009
38.355578
34.375883
33.585674
31.360203
29.543001
28.483632
31.637879
28.167843
29.185013
22.319939
26.664316
22.153438
21.140629
23.701988
14.817535
19.040386
17.342561
16.794256
17.243325
11.774309
12.243803
10.697334
11.641726
10.889223
14.522918
15.334710
11.000602
10.208728
10.343361
9.109733
4.551318
8.359103
6.949135
8.770336
8.736762