50
4
75.000000 -30.000000
77.164534
77.320456
78.730285
74.402037
75.312698
77.606338
72.921553
77.670394
74.800329
75.561918
74.752624
75.844636
73.127706
78.285043
71.505355
73.905859
73.821322
73.526424
75.653896
76.916885
78.738841
73.922993
74.161907
73.119978
77.761555
76.472131
79.332612
79.493317
74.226503
78.984512
78.934573
74.554982
80.674336
84.505205
83.193362
83.729289
79.230436
82.645792
77.594465
86.757332
82.234757
81.869745
85.458332
81.230449
87.390285
85.121101
88.447955
85.250895
85.051539
86.424000