50
4
75.000000 -30.000000
77.778222
75.858542
76.902922
80.167833
79.860137
73.391585
70.952551
76.059089
76.410945
77.756926
75.013696
71.382978
70.778768
74.430697
76.447458
74.481025
77.190756
76.020141
77.772247
76.359664
77.156545
76.390867
76.224194
77.246212
73.956673
75.568400
75.391516
77.424132
75.955775
74.627244
77.543975
78.444609
84.714038
79.364667
76.971754
79.027727
79.811013
79.850354
85.015523
81.016565
83.456398
81.683045
81.773262
83.622778
82.494117
83.846012
84.396479
87.490393
88.876235
87.955213