50
4
-30.000000 75.000000
83.925063
80.047416
81.693675
79.224007
80.416477
76.461028
80.221855
79.690166
81.392506
74.466213
73.559119
74.239308
69.946986
75.043196
73.317046
74.244238
74.633873
73.246902
73.824972
75.654718
70.168631
74.898309
69.042446
67.176532
71.249569
70.587519
72.188441
69.493196
70.275687
69.828626
66.990580
68.853296
67.256028
74.355752
66.416057
69.777880
68.306020
70.853172
68.223615
68.298933
70.850295
70.586271
70.372964
68.484243
68.064241
67.635975
68.902750
69.535824
70.533061
73.026721