50
4
110.000000 110.000000
149.159076
150.043386
149.406401
146.567060
147.518690
147.110524
147.976068
144.165965
140.314318
146.734959
142.042176
136.065165
138.386792
134.963489
134.257038
137.600883
131.933258
130.833599
130.645407
129.805963
128.173075
126.997514
124.783038
125.419994
125.618867
127.534798
123.148951
117.741417
118.851808
118.307175
117.759989
118.955812
113.264434
114.939424
112.765829
112.102515
112.972392
113.748532
108.802910
106.736767
107.075977
104.777916
109.846424
102.328299
97.650304
102.894925
100.746131
99.238465
98.291481
94.933074