50
4
-100.000000 -100.000000
144.386746
142.889713
144.552047
146.745826
145.192535
149.797273
150.306095
149.671805
154.065480
157.135836
155.234575
155.072969
161.042367
162.134523
157.725249
158.360372
162.321630
163.009937
165.879037
162.706020
170.755245
164.967385
170.397973
172.896754
171.579811
173.146684
174.003934
170.928728
181.107851
178.336898
179.302804
178.325172
178.254295
183.962108
185.978227
182.440144
183.862472
190.379958
188.747300
188.429392
186.530509
191.444944
194.274088
192.326835
196.783647
196.613436
199.109951
198.803879
198.368101
203.039695