50
4
-100.000000 145.000000
179.530686
173.247709
178.259600
175.930448
176.171079
178.963267
177.887234
178.986265
177.136947
173.854234
171.112769
174.710119
176.080213
178.126890
174.417785
173.286519
172.957706
170.359176
174.845378
173.285690
173.169158
170.446427
169.149558
170.727926
168.877501
169.226538
172.511839
170.797304
167.310823
167.356466
167.604961
168.425407
168.823795
169.831078
168.932638
166.523493
165.595625
167.384895
168.041698
164.784708
165.504825
167.224750
168.342783
169.676353
167.848680
168.410031
165.653578
171.130993
166.329287
164.180593