50
4
5.000000 40.000000
38.697871
38.059596
38.299423
37.736544
36.967046
33.664156
37.234754
31.560476
31.942304
28.785429
29.939931
29.362049
29.982428
28.387463
26.011980
31.927089
27.835201
26.242963
20.582337
28.198897
27.413040
22.214145
20.970367
24.752551
23.228721
21.973228
20.435432
18.614446
23.383244
19.292854
23.606141
20.205481
21.335426
20.829614
16.134175
22.751114
23.148635
23.915591
22.181141
23.553445
23.628769
30.090434
25.788494
25.026873
30.087460
28.391965
31.313808
35.997337
33.637802
31.987449