50
4
23.000000 22.000000
30.147298
28.506251
22.931327
21.696451
21.547655
23.317760
25.784591
21.881465
15.651346
16.154335
16.473742
14.355503
15.696543
13.693642
13.284324
8.625487
13.659453
7.635285
8.481441
3.913731
8.792443
9.533920
6.532285
6.800553
2.442078
1.681310
8.230038
5.675392
7.078333
6.619953
8.552658
7.684580
10.501277
12.871214
13.795941
12.965234
13.679780
14.597055
19.904911
16.342376
19.886377
24.000690
24.808044
23.467229
23.240059
19.370725
23.662064
28.750161
24.747499
30.218198