50
4
23.000000 23.000000
34.162546
30.511738
26.013425
27.088660
25.517576
21.826183
24.981822
19.153755
18.736350
18.018171
16.441429
11.612148
10.790461
14.579336
13.041760
12.573898
11.189908
5.741773
7.596993
4.961871
4.957786
3.534291
2.572116
-2.221978
0.776442
4.621893
5.322795
2.357071
6.622391
5.412529
8.964118
6.987899
8.912139
10.246707
8.880962
12.025897
9.357925
8.685595
15.744279
17.387936
14.125370
22.451640
21.015886
23.778002
20.265264
20.597812
25.727031
27.940519
27.767127
28.068070