50
4
5.000000 5.000000
6.691142
1.009596
3.612899
4.233103
0.470168
1.585163
3.513007
4.519613
7.927505
9.406372
9.425134
8.960229
10.032436
12.147507
15.734522
16.459111
17.329964
18.176909
19.765836
19.338690
23.234984
17.880486
21.571484
26.965087
23.670118
24.214879
24.637372
25.825546
28.100799
30.603932
38.462689
31.324967
34.917531
34.395847
37.618458
33.066996
37.767058
42.503018
39.881666
42.834392
42.117189
44.528105
45.717109
49.666463
43.089032
48.029139
46.994628
51.791642
56.031245
54.150916