50
4
75.000000 -30.000000
76.896957
79.190192
75.465057
77.614683
75.188199
73.411613
75.012851
78.699737
75.099848
74.778827
75.401192
77.346764
71.620078
74.902677
78.014496
76.601713
74.331515
73.857591
77.088384
79.919185
75.419355
74.136131
74.505760
76.838745
78.330137
77.983931
77.127079
75.312477
79.189015
79.096261
78.250059
83.760231
73.958021
79.819752
80.802371
79.612832
86.271649
79.121175
83.718702
85.685850
79.575200
84.927964
87.156364
82.624105
85.730824
87.674392
88.006382
83.313711
86.565607
89.102178