50
4
-65.000000 -65.000000
99.523317
95.461312
96.847972
97.800927
98.211623
99.671738
102.441546
101.743473
107.009662
108.348298
104.160053
106.997989
109.864353
111.784587
112.465870
110.144709
114.857806
115.426908
116.301743
116.568495
118.179011
119.174385
121.126572
124.042916
126.504567
126.422418
124.067606
128.554478
126.965051
129.901089
129.659542
128.848877
134.126114
133.713502
137.214451
137.173070
134.099106
134.988215
142.177582
138.253059
139.005472
139.723250
139.688441
141.782646
142.957972
147.861220
149.043696
149.805823
152.993932
150.302692