50
4
75.000000 -30.000000
76.701105
74.459353
77.350157
75.806143
76.434596
77.095087
74.332517
75.804598
72.252802
73.614599
75.863825
71.246009
77.858568
74.416223
72.516220
76.105035
73.106232
76.892910
75.857764
80.196564
75.758515
76.561441
75.721723
78.278359
78.932054
75.804654
81.080317
77.578283
81.624626
80.525028
78.427438
84.312980
80.047256
81.668393
78.262312
85.497133
82.381644
82.507088
81.398879
82.787769
83.228960
86.738937
85.951880
83.296513
85.708876
81.123158
84.865655
88.668430
88.155700
88.100143