50
4
-65.000000 -65.000000
97.212631
98.966797
96.156846
101.400396
98.300911
100.594280
99.806980
104.796880
105.432172
106.850126
104.575091
110.957230
102.883685
106.925461
110.728329
109.585340
113.905755
115.714075
121.475832
115.043679
114.629115
119.833540
121.375485
121.303812
125.146177
125.906834
128.421642
123.452174
129.926113
127.280078
127.848934
129.706723
129.546240
136.084637
133.440203
140.579711
139.439803
137.762422
139.869226
141.885923
138.652707
141.447100
146.535386
144.491239
144.675848
146.571070
148.353085
150.198656
152.340743
150.099009