50
4
22.000000 22.000000
26.447403
27.170353
27.713044
27.736055
22.883833
23.331312
21.520205
19.477262
18.367692
14.418415
14.118429
15.726057
9.418378
15.732813
12.289923
6.024615
8.310322
5.155747
6.057171
6.497718
4.295259
3.561587
-1.514904
1.413724
3.386414
6.177504
3.414904
4.531985
6.255078
4.717375
7.956131
10.498993
8.231360
9.273184
13.139798
13.810847
15.122622
14.740065
12.568424
17.729813
21.191708
21.461775
17.849053
18.299484
21.690266
26.302245
27.459012
29.492531
31.758289
31.219824