50
4
22.000000 22.000000
25.259747
21.363016
25.866583
27.006310
25.538433
17.932036
19.423074
18.661437
16.946704
15.954800
15.865230
19.549877
14.484089
12.116373
8.738561
9.343505
7.357351
12.468111
6.417385
1.696018
7.597847
4.864523
1.769301
1.570362
5.493954
1.608409
5.237107
5.503299
5.228660
6.140819
6.647783
12.942821
10.861356
13.196148
11.253449
13.624588
15.251619
16.766143
17.432185
13.051173
20.318440
15.897134
21.599265
22.411213
22.334671
22.974087
28.845397
28.624433
31.550381
27.904748