50
4
-65.000000 -65.000000
94.997265
94.970819
101.645060
101.022153
103.195244
99.959971
100.086027
103.710906
102.496437
107.608322
105.840895
105.333204
108.797136
110.874151
111.508885
117.484887
114.187642
116.713091
114.020643
115.504058
120.838765
122.173387
119.392968
122.334528
123.592775
125.325780
125.433696
127.377575
123.049535
128.151303
131.281202
130.330819
131.131590
134.633420
131.750699
134.440710
138.619733
144.494715
140.895128
137.508800
140.212905
138.651164
142.337962
143.837535
144.892084
146.378160
150.337114
147.528661
150.046993
153.591553