50
4
23.000000 23.000000
31.137434
26.726649
26.866634
25.397479
28.155876
22.320735
24.765033
18.030062
21.318533
20.674405
15.840853
16.502653
16.183948
15.626445
13.545419
10.531790
9.710352
7.339447
6.958571
6.053644
4.187011
2.820297
3.396740
6.740304
3.184541
4.413710
6.014516
3.634078
9.113239
7.398345
8.399984
5.660592
11.176502
10.052301
14.854073
12.812682
14.468433
16.808426
14.671164
15.281744
15.828847
16.984314
15.218745
20.391662
24.846387
26.005266
23.030248
22.286566
24.137039
26.716324