50
4
110.000000 -65.000000
124.895766
119.340983
123.983422
120.059507
123.060254
122.573129
126.104226
124.476724
125.551282
121.499073
122.866856
122.002675
123.942037
119.788438
125.273444
123.139443
126.361857
125.660582
129.479897
126.216202
124.375499
126.206283
126.394695
121.492338
127.625140
126.631463
124.750314
129.202580
129.461116
129.559458
128.444522
128.075563
132.450613
126.846524
126.970927
132.731619
130.732793
133.282738
132.367578
135.736020
129.688054
132.372080
132.756359
134.182971
131.638002
136.019291
133.736592
137.076613
132.129592
136.122201