50
4
-65.000000 -65.000000
91.546377
96.463457
97.979161
99.516876
93.314243
100.666569
102.388522
102.739826
106.098522
106.124587
103.500029
103.618466
109.783214
110.312894
116.250456
116.675558
114.142612
115.168181
116.890471
119.979801
115.618342
119.655602
120.459544
124.851369
124.191406
122.006083
124.982707
123.665782
132.318471
131.847690
129.318298
131.194311
134.291533
132.559164
132.650309
133.381393
139.857213
136.461070
137.039370
139.225605
141.279208
142.588899
143.246204
144.045946
142.143543
148.255924
147.538051
151.898848
149.596369
151.908053