50
4
-30.000000 75.000000
86.355426
78.570395
83.613936
82.948765
78.638620
80.775625
79.402331
76.289431
78.567207
75.535340
76.695229
73.894466
75.466543
74.806322
73.731615
75.175859
74.298416
74.470619
71.569981
69.945132
74.678064
73.269326
73.287259
72.191843
73.929429
69.065743
70.608135
69.147732
68.352472
68.426521
68.823934
68.918190
69.572562
68.695131
69.401477
67.627234
69.303713
71.269202
70.168832
69.214455
70.489731
72.782275
70.205566
69.527509
71.898599
74.564262
70.484679
72.114807
66.678140
72.199655