50
4
-30.000000 75.000000
78.190731
83.967541
77.878337
77.005956
80.661959
77.686071
77.689634
77.424789
72.333408
73.055135
80.873820
78.112832
75.735350
79.318073
74.615507
72.933142
73.420333
74.884990
73.751153
73.140720
71.375842
75.050842
68.915555
71.906064
72.958202
72.027105
72.696073
71.579987
67.843394
67.685903
71.510778
66.654622
64.042815
66.819529
69.366721
67.870861
69.050352
69.995363
65.845951
71.369568
72.784720
68.120330
69.937669
68.757661
73.198385
70.500826
72.877067
74.033312
69.129605
71.018145