50
4
-30.000000 75.000000
80.781120
82.128758
79.957700
81.155821
83.118464
79.918629
79.538385
76.664860
78.472457
74.514919
78.474721
77.419492
78.399957
75.384683
75.466101
72.599110
73.028502
75.926747
73.330323
74.607494
73.219123
69.117013
73.091443
74.138091
69.469148
70.714546
71.601475
74.404897
71.455202
70.417459
69.545445
68.100996
71.479055
71.240531
71.073099
70.052648
72.730829
68.632199
66.294070
66.032025
66.694302
72.330787
69.666528
64.650359
69.456392
73.628217
71.460419
66.658508
72.781924
71.904795