50
4
22.000000 23.000000
28.362714
23.191316
28.025075
23.947806
26.239055
21.617135
22.836777
18.127433
21.816696
19.982619
17.414843
15.735085
16.277783
13.076687
12.162169
11.543720
7.815758
6.142401
5.543410
2.895652
8.029320
3.791918
2.434097
1.662520
7.274104
3.060417
2.746167
0.657171
5.006154
3.382972
6.079225
10.836529
6.014956
9.819289
10.793667
13.974297
12.070908
18.800404
13.464478
19.487890
19.324423
22.197704
21.962435
21.147285
18.421903
25.699305
24.298445
24.622550
26.095334
28.559642