50
4
23.000000 23.000000
30.979199
28.004175
27.921623
26.900430
23.096764
21.829737
26.090462
21.567303
17.834378
21.503410
22.988799
12.511205
15.792958
16.869650
12.727494
12.345612
11.127833
7.617055
10.310449
4.031636
4.025920
4.133925
7.522960
4.120358
1.550647
-0.927511
5.773881
5.803245
7.258513
5.356562
6.016947
9.928148
9.037538
11.649551
13.435525
12.214831
14.399947
15.779159
14.272946
13.684698
19.661836
23.175950
20.327283
23.547491
17.462950
17.898216
22.172809
27.838063
27.545821
26.745693