50
4
23.000000 23.000000
28.558054
25.936270
29.157008
27.410621
26.146819
24.779748
20.398150
21.357358
22.846551
20.472961
14.924415
15.554222
14.481609
14.736752
13.089790
13.412614
12.163354
4.641487
9.889538
6.028816
7.036965
5.139950
6.099499
0.000000
3.485208
5.461161
3.617610
0.000000
10.093473
7.393329
6.426088
7.609968
11.578487
13.258483
9.040948
14.870928
11.792580
15.077845
16.100708
18.138662
19.927193
21.532372
17.164277
23.509985
20.089468
23.350375
24.831556
25.987675
27.622161
25.562493