50
4
-65.000000 110.000000
129.474471
126.775082
126.353465
126.350543
125.133122
126.577936
125.370964
126.246918
128.096977
126.756835
124.864576
127.528274
127.084251
130.187994
124.844072
124.883540
122.732091
122.647973
120.422513
121.087170
120.787019
118.782166
123.072965
124.255653
119.703419
120.932662
115.499987
119.391012
116.444042
121.259088
121.197794
121.407882
119.835928
120.377094
123.185244
119.651788
116.112863
114.727438
122.216188
118.323418
118.936010
118.870650
117.206167
120.136709
116.516755
118.361178
115.915839
116.736570
121.769416
118.478112