50
4
-100.000000 -100.000000
142.974337
145.465389
149.485374
146.691693
150.370127
151.261964
154.414140
153.851639
149.651301
151.987786
154.021379
162.943920
157.003498
161.040032
159.784325
163.039526
161.498942
164.178627
160.093167
169.126651
167.535906
169.289643
171.293449
175.879885
172.585044
174.791276
174.854708
178.479615
178.331741
180.649248
174.425749
181.586438
180.762184
185.959904
185.620954
184.155250
187.744072
189.047951
187.877971
190.507037
192.301665
189.892187
191.742497
196.372218
191.947803
196.148052
192.478577
193.928350
200.405065
201.218540