50
4
-30.000000 -30.000000
43.449924
47.809594
48.577598
55.670503
52.182575
52.920658
54.070450
52.806709
55.895002
57.103018
56.580037
55.861744
56.844444
60.076991
63.136486
61.869739
62.090327
65.551497
66.173010
69.239608
67.570492
70.241081
68.621224
68.687175
75.623671
74.587104
73.820711
78.534176
79.829241
75.023726
82.246014
82.418385
81.678723
84.119862
84.462325
87.068373
87.082938
87.818745
91.480144
96.221205
89.266225
93.304750
90.408792
95.751904
100.082859
98.754805
99.573138
101.497771
99.600716
99.788935