50
4
22.000000 22.000000
29.471954
27.107037
27.768652
25.535615
21.879953
17.846925
18.538937
20.241589
18.865157
15.552215
16.768589
17.344087
11.044714
13.633397
8.672971
6.147892
12.828228
8.235964
6.265782
7.996133
4.771678
2.964081
2.312407
7.240918
2.816855
3.778770
4.088030
7.447481
4.527959
8.675247
5.324621
9.183063
10.994720
10.677728
15.087113
16.020420
15.223594
15.936566
13.721459
14.853385
18.237456
18.089654
18.019678
23.525660
24.151968
27.906682
26.900884
24.953140
30.112004
30.173418