50
4
-65.000000 110.000000
128.819217
134.388243
125.398498
124.795605
130.610250
127.898716
129.227144
127.515931
128.547463
126.385737
125.733110
124.504043
128.482520
121.601456
122.879354
123.975341
120.259985
120.603925
123.910367
121.642732
125.762458
117.891902
123.074499
116.503626
117.789057
121.123571
119.494975
118.095432
120.470914
120.074119
120.142377
122.984811
119.214407
116.604984
119.406499
116.462634
120.424962
120.248311
117.674066
120.445527
115.191448
119.178177
117.021178
120.884352
121.110808
119.461016
113.329762
117.854293
119.351072
119.934927