50
4
-100.000000 -100.000000
144.498743
149.850110
144.173215
152.019407
151.302644
147.938714
150.622349
150.019687
151.716315
156.650503
159.769347
153.081524
155.983304
159.595560
158.389117
165.394672
162.953781
162.087829
165.972457
168.310736
171.429683
168.955097
171.283252
170.317944
172.302486
174.151677
175.833514
176.444837
176.503813
180.071455
178.980569
180.354500
184.903407
183.260679
186.242369
184.118032
185.942447
187.560795
191.846196
190.535421
189.751128
191.823590
192.285868
195.636554
194.066823
194.613018
195.650304
197.960095
200.809722
203.006484