50
4
145.000000 145.000000
201.155057
203.104797
197.780804
200.378783
197.672098
194.269351
198.078786
192.760451
192.439690
189.534608
190.723073
189.125199
188.759641
182.195719
186.709141
181.407657
184.868158
181.687629
182.512672
179.791906
179.698684
178.072629
173.676261
176.920933
171.340029
171.254302
168.233769
170.391017
170.582694
167.253925
164.534972
164.422912
166.681946
164.712745
159.793690
160.623321
160.087942
158.295156
157.159179
159.388636
153.361784
153.225701
155.119314
151.885119
152.899104
148.028481
149.742373
148.796922
147.489701
145.551172