50
4
22.000000 22.000000
24.592277
26.886394
24.330398
27.067371
21.946519
23.586296
20.785548
18.535176
21.202518
21.781758
16.944971
13.030544
13.445486
11.079722
12.367277
8.226482
10.568455
7.452096
4.844594
5.792625
8.586737
7.039273
2.935546
0.638499
5.080590
2.168574
1.475613
5.233744
3.743626
7.691483
10.093778
11.090789
13.065221
12.238090
12.574637
10.451437
12.749279
19.062529
15.432760
16.612133
17.748408
23.767965
23.988373
21.506060
24.683583
20.357718
28.082048
24.574515
27.746562
24.439123