50
4
-65.000000 -65.000000
94.521009
95.998411
94.783052
96.972089
99.000782
100.289332
102.966646
106.894559
104.649691
104.499241
109.918151
106.524911
108.116743
109.822223
112.566873
109.332365
109.917911
113.333309
119.297766
116.945993
118.516913
115.739697
121.113681
123.041866
123.140616
122.141383
128.686528
121.490173
130.333282
127.680571
127.264416
133.684354
130.839295
136.083061
131.044201
133.404273
134.487861
139.997191
141.637160
141.115137
140.970186
145.741063
144.201103
145.425009
143.592910
146.785502
149.519404
146.666411
152.692527
153.464504