50
4
75.000000 75.000000
105.410942
101.179786
96.370487
97.616737
97.134728
96.323512
94.344226
95.236796
90.759954
92.147486
89.496271
90.483787
89.587615
86.749704
84.733249
84.461242
85.533534
83.445226
81.151430
80.816084
77.004673
74.522831
75.850413
76.445415
72.547267
77.742864
73.841156
74.037322
71.907603
69.240781
70.218809
66.661086
64.102109
66.691247
63.402140
60.209438
61.052219
58.033994
60.733240
61.167416
54.561293
57.130581
55.487007
50.553219
52.795900
50.173744
49.489172
46.525800
46.607502
48.558449