50
4
145.000000 145.000000
204.828796
199.378144
200.146438
199.311077
195.331225
196.377337
196.101024
193.875983
191.479137
192.288081
189.054792
190.685067
187.024234
184.989146
184.064580
183.730456
181.791148
184.845002
177.753736
177.744724
178.113401
173.984044
176.077297
177.819753
173.481668
173.042031
172.807268
166.988055
172.622521
169.074621
170.559955
168.615642
166.564330
165.551834
160.601395
158.499240
159.968710
160.223711
164.964773
157.440400
158.167551
155.658214
151.190205
152.336585
150.279884
153.368886
149.635968
144.911214
149.946336
143.327324