50
4
-30.000000 -30.000000
48.316958
45.106733
48.322993
46.006496
49.421250
50.428479
52.945700
55.004046
51.386536
54.943500
57.962877
58.268101
58.670656
64.277548
62.146672
65.470394
67.045045
69.553875
66.424261
69.883623
73.406329
74.293061
74.308601
75.910809
72.350213
77.237538
78.350323
75.879357
79.098031
80.400571
81.690980
81.038668
82.753583
83.717823
85.311472
87.395650
84.436113
90.702437
89.230661
91.141951
93.842886
93.924231
98.791488
92.834690
98.102503
97.299869
98.439981
103.790692
100.280674
104.267362