50
4
-30.000000 -30.000000
46.467006
46.200305
47.303072
48.747224
52.638696
49.254979
49.748531
54.871471
53.453775
56.648106
56.119790
57.911813
59.683726
58.441561
63.746503
63.525744
64.102090
67.499315
62.801478
66.478278
72.770738
70.492701
72.193112
70.558089
72.146488
75.660178
73.790652
78.061860
81.893209
82.821537
79.018662
80.481277
79.881086
80.904971
83.401640
85.242090
90.843442
86.373554
88.492290
88.805556
94.261159
95.591043
91.660557
95.377931
97.772068
93.070310
94.344993
98.921555
101.820244
101.443102