50
4
22.000000 23.000000
27.799325
27.691176
22.620107
26.956785
25.488447
21.214203
21.410264
19.365197
20.747975
24.186839
16.387848
17.129770
15.431386
13.385909
10.682903
9.782749
10.549467
7.102801
4.642229
8.280148
6.432337
2.277944
5.750722
0.387487
3.192722
5.998074
5.234649
4.976513
11.600662
6.233015
4.228399
12.873177
7.595636
8.749673
9.765487
9.756608
10.003097
15.749522
16.511409
12.763896
20.473509
18.103499
15.926807
20.637723
23.110378
26.713251
22.070552
25.594535
27.788006
31.156735