50
4
40.000000 40.000000
55.259884
52.806607
51.878058
50.161641
45.304334
47.764563
44.925073
45.915856
46.921310
45.741345
41.000617
41.018879
34.896187
39.706387
39.261595
35.395949
33.361066
36.258015
32.816783
28.596419
30.768086
32.181194
25.120414
27.729559
26.805592
26.086053
26.012575
26.095348
20.751870
22.814292
18.969838
21.830274
17.579124
15.481919
12.522326
17.692862
6.952286
8.909062
8.352988
13.987889
9.371056
11.299845
10.527605
6.828216
10.239225
2.506102
6.136473
6.184257
6.569140
8.305516