50
4
40.000000 5.000000
35.298477
36.157373
33.850295
32.329924
38.445317
30.154301
30.962757
34.125929
30.194993
31.250287
30.122866
28.291227
26.369787
27.532385
27.160777
26.371532
26.467066
28.709523
28.318941
31.129015
27.816202
29.463280
29.293874
23.793647
23.187028
29.292305
31.773999
28.433846
28.908236
27.461278
28.647277
29.770319
29.533142
31.898589
32.952370
35.352571
35.610067
32.841592
33.399528
30.668972
32.785963
37.544306
36.693950
43.347030
40.769685
43.807583
38.965134
44.536881
37.640743
40.935290