50
4
110.000000 -65.000000
126.535838
123.319615
123.552573
122.592217
123.319353
123.577295
126.186233
124.522184
124.123435
122.255183
122.367182
120.908599
124.059064
124.771982
123.084607
124.237893
123.605025
127.759783
125.857110
128.495924
126.819731
127.032947
128.136859
128.208535
131.000956
127.234623
130.032994
130.683926
127.389849
121.657222
127.835353
125.391638
126.913867
126.703188
130.580500
134.978248
133.279646
131.841320
130.285566
130.923403
135.161230
128.148296
131.492446
132.090287
138.382620
131.708392
138.654456
137.799104
134.132451
132.264912