50
4
-65.000000 -65.000000
94.062931
97.943247
101.591351
98.975256
101.200612
97.148521
101.932959
102.697491
106.857421
104.997316
107.704969
110.972804
109.688162
111.705217
110.493690
113.050897
109.774498
115.068408
120.221261
120.370356
120.397700
119.292452
118.993728
118.546292
119.847502
123.922829
129.089496
128.158161
127.062992
129.559937
130.328687
132.774018
131.759047
133.331836
136.400990
138.996843
138.054015
137.247787
139.111478
141.257444
144.963450
139.167062
140.292908
146.755463
140.139629
145.926951
145.775918
148.758011
148.989684
152.663411