50
4
75.000000 -30.000000
75.454828
74.223026
79.668468
72.626904
76.554439
76.938367
73.675623
71.537260
74.010692
77.621161
78.512173
79.358265
72.568899
76.081100
77.773573
74.482898
78.618169
77.424472
81.568811
76.241086
75.753588
76.728348
77.146166
76.057813
76.596134
75.160206
76.669130
79.226229
79.885220
78.297599
78.675275
79.955284
79.649526
79.637742
82.571705
81.595856
78.836495
79.561805
82.952848
77.029544
82.616407
83.329408
81.467419
85.621534
81.806785
84.741416
82.893844
82.329046
84.465306
89.344921