50
4
22.000000 23.000000
30.377062
29.296895
24.679884
29.860428
23.507699
22.048319
24.278824
22.996386
16.180219
16.040849
17.284735
16.446848
14.418310
16.177604
12.345655
13.680841
8.894927
6.949802
4.015368
9.307936
6.420634
8.112121
0.000000
2.785776
0.914861
3.824567
11.020723
8.642699
3.822889
3.803270
4.875219
7.607190
8.677740
11.306833
9.437536
15.565975
9.094093
17.967867
12.579861
16.775197
18.616453
21.583469
24.371455
22.351866
23.942699
21.508262
26.981365
24.285737
25.665044
33.399467