50
4
-65.000000 -65.000000
95.751670
96.626857
96.932114
95.134822
100.216827
100.815364
98.956204
106.337979
107.331545
104.462639
107.687533
104.076204
112.772199
107.785951
111.970339
112.361076
111.674272
112.090614
113.177316
115.585386
120.028549
123.054223
121.120132
118.578585
124.686284
124.114119
123.561423
126.959534
131.708030
132.464842
130.545437
129.037557
130.007084
131.628145
133.344274
132.261501
137.631279
139.215112
135.676899
135.360685
139.069338
141.186507
146.016813
139.665838
144.240855
148.581545
149.403712
149.614252
149.124331
152.707289