50
4
-65.000000 110.000000
126.538938
129.624751
127.032059
128.197243
130.008923
132.850480
124.899575
128.010592
122.801005
130.332043
125.653661
122.320145
124.764164
121.559186
125.227217
122.012395
124.964484
124.838753
122.699764
124.426092
120.825507
121.810678
125.343225
121.357110
120.632077
118.673667
118.582222
120.985356
120.842981
118.890591
115.876380
117.361359
119.502677
119.402924
117.837684
117.752176
116.805204
118.469286
120.754410
117.857309
116.941152
118.773978
118.761468
118.289597
119.386051
117.174428
119.566217
116.803472
121.315336
119.400509