50
4
22.000000 23.000000
28.417858
27.245204
23.699289
25.005655
26.451382
20.300709
21.659648
24.916392
19.284352
21.894011
13.800493
14.975451
14.864457
16.169596
12.769317
12.163066
10.723353
6.343658
4.958771
5.030111
4.469006
5.948962
4.781821
3.441314
5.588427
4.052274
6.340498
3.752425
6.088757
1.199150
9.008526
7.738634
10.354771
11.115353
9.854703
17.550898
14.764948
16.782784
16.436896
22.719435
16.945844
23.000298
27.088199
21.249263
22.513433
27.999512
26.433312
29.318582
28.573689
28.159986