50
4
-100.000000 -100.000000
144.023610
144.510923
148.415910
149.818074
145.153908
146.538978
149.946679
154.781882
154.364178
156.977474
150.581769
156.620358
160.589019
162.800035
160.595598
160.698101
164.000411
162.633664
165.135255
166.847215
167.605665
167.023144
170.917648
169.585147
172.127155
176.205527
172.297065
176.477165
174.256654
177.637754
177.833722
181.655407
179.971958
177.177017
183.414941
186.678306
183.873876
184.695984
186.432620
184.812613
189.832715
193.879578
192.661563
191.042430
194.828578
195.183177
200.179779
200.905986
196.909467
200.364311