50
4
-65.000000 -65.000000
96.935541
99.712380
99.511431
97.966595
100.650352
95.134585
99.520072
103.763800
105.730807
106.633082
111.452143
106.368212
108.080239
111.557123
114.326923
110.254213
115.206854
117.122032
113.841513
115.471811
121.332903
117.294598
118.002969
121.974019
124.324854
123.932890
124.528736
128.178815
126.695209
128.644351
131.553442
131.632543
133.292822
132.504815
136.046489
135.105981
137.013310
138.944167
136.901777
138.843903
141.080606
145.867692
138.856922
146.008877
143.189474
147.279434
145.965790
150.404747
149.433039
151.768272