50
4
5.000000 40.000000
39.705514
41.058548
35.287566
37.493200
34.951321
32.178756
34.872559
31.725455
30.239658
33.556884
35.187117
34.644385
25.900008
27.660534
32.053888
24.492451
24.876504
31.187988
24.063296
22.619918
21.514009
23.871252
21.852754
23.534729
21.780431
23.028643
17.942117
18.671940
22.254609
19.185365
16.932110
17.558746
20.581140
21.504637
21.637174
21.046971
25.985880
23.413484
21.788782
22.124516
23.778268
27.023685
29.892870
23.558606
29.584644
32.285499
31.733449
29.308870
30.219283
32.227295