50
4
-65.000000 110.000000
132.867538
129.944217
128.454560
129.343472
121.650431
127.653376
126.741374
125.114398
127.544312
129.345221
120.214727
126.150915
123.534803
122.859013
125.564342
123.912558
125.180310
120.624435
123.100089
121.694177
123.260200
123.863716
124.979809
125.224778
119.516506
124.667140
120.622914
121.096290
118.919134
122.773045
119.085900
118.390807
120.875131
118.668179
117.076243
120.481754
123.064997
116.691832
120.302433
119.058215
116.520973
115.854474
117.099145
115.958491
121.061554
116.403473
117.054433
116.147563
119.600626
115.119054