50
4
110.000000 -65.000000
122.149832
122.421726
127.168842
124.992246
124.339807
127.291268
124.977380
121.312968
122.686715
125.018922
123.347063
123.297756
124.922462
124.997538
128.027730
125.717253
124.838956
125.913769
126.231089
126.768123
120.394369
124.171136
126.310721
126.184726
131.540129
123.886427
126.252084
128.402232
130.840866
130.598780
125.691130
131.745833
128.018779
131.126358
131.612596
129.636053
128.067754
130.062270
128.273196
127.900565
133.219317
134.554671
130.110480
131.493179
132.981209
130.931747
134.602565
134.825951
138.459857
138.380260