50
4
-65.000000 110.000000
127.239537
131.481823
131.953878
126.439611
127.828840
131.018424
129.401826
127.082749
125.885626
128.717357
127.991846
119.782975
125.104935
121.720898
121.690014
125.245752
125.107315
124.054223
126.198836
119.960770
120.899032
125.444746
122.922694
119.928602
122.375214
120.366562
120.043255
118.832534
116.545473
123.602461
116.797267
120.821835
121.839112
119.802567
117.449561
117.507353
117.232933
117.711040
121.018698
115.413502
117.202542
117.977914
115.798159
115.957330
113.765424
119.415318
117.312980
116.012201
123.969721
119.288714