50
4
110.000000 110.000000
152.616921
146.372362
149.912287
148.257669
148.643796
147.890762
144.055788
141.006097
142.664124
143.000527
140.758558
138.950714
137.011443
136.386059
135.912086
136.540709
130.583195
130.593730
127.819614
131.962528
128.623513
129.027387
126.026641
125.843372
123.090530
120.560911
122.872980
118.616974
119.050737
121.141409
120.901001
114.594414
113.946920
114.961746
110.440609
109.249484
112.325157
109.482777
106.330809
110.124073
107.303163
105.788543
104.886056
100.525630
102.168527
102.032012
102.810758
97.760274
93.769280
100.525219