50
4
5.000000 5.000000
5.239553
5.427517
3.613707
4.587649
-0.652142
4.856229
5.092216
5.147211
7.884145
7.293434
5.920727
5.859356
13.487342
6.523808
11.641289
12.864015
15.875361
17.106480
17.060237
18.350591
20.713240
22.835692
20.870290
21.609629
23.196940
24.035737
27.326629
23.429677
28.599047
32.520366
31.259947
30.906899
32.646116
35.295534
35.946676
38.850064
35.128769
41.057700
37.128941
38.083856
41.329146
42.661127
44.686506
47.714809
45.878954
49.126597
49.966265
49.412685
51.207095
52.913448