50
4
75.000000 -30.000000
77.123098
77.128854
74.324027
74.257581
76.569317
74.649993
77.491733
74.590154
72.117948
75.877867
76.474497
74.323408
73.527275
73.339146
76.920772
74.246406
71.316542
74.534738
78.180115
78.619254
78.120060
77.570162
76.374920
76.428063
78.555402
77.216076
79.980547
79.121353
76.168782
79.298603
80.136959
81.892117
77.384026
82.178775
79.652913
79.990530
86.451158
84.931221
86.776665
82.139696
81.240674
86.505760
86.460930
84.840702
89.177272
84.174912
86.235055
81.822834
86.195925
84.143709