50
4
22.000000 22.000000
28.153337
27.541407
23.242717
26.319263
22.103953
18.883838
20.394402
20.823371
16.831675
16.706402
15.036962
13.896975
10.986173
13.264039
10.603691
7.833321
10.691729
7.040415
7.600110
3.785319
7.402186
4.573660
2.409935
1.320248
-2.877341
6.681997
2.260696
4.849672
11.593072
6.631213
7.381079
7.961440
8.463831
12.984347
16.414718
14.682160
11.593688
19.177078
21.512649
19.941372
21.420906
18.142556
21.195782
24.119009
27.266756
21.479151
26.997516
24.372661
27.814142
27.575729