50
4
23.000000 23.000000
28.169390
27.483785
24.194499
27.537730
21.730663
26.572201
22.752157
21.289775
20.906170
18.637174
18.310598
18.561822
14.510307
16.575014
10.855078
10.241951
11.370083
12.403550
6.849587
8.171227
7.567276
-0.096466
4.084691
5.155715
4.416824
4.062815
5.927123
1.171953
8.891501
5.102878
10.449890
7.388323
12.689828
11.311380
8.486496
15.791723
12.643418
15.119261
13.219243
15.268100
19.779376
18.762010
23.481356
24.630134
21.653926
30.790984
24.003340
26.275145
25.947682
27.171786