50
4
-30.000000 75.000000
78.330942
86.008769
85.892760
80.470559
81.202569
83.216039
79.983666
78.400657
77.427807
75.336903
76.278639
81.896425
79.884696
73.270378
71.076870
76.678087
78.662831
75.206053
78.362244
69.292126
74.766445
73.603593
71.040138
69.541148
70.040801
68.224818
71.097281
71.403486
71.367117
71.694006
72.762503
73.501486
70.586186
72.296203
69.229467
69.207898
69.647333
68.353185
68.100052
68.696403
70.894101
69.152449
72.210294
68.407800
70.027383
70.277348
71.155939
73.588838
70.230878
76.785269