50
4
110.000000 -65.000000
124.367095
121.619161
122.739946
126.317162
124.125588
118.954414
123.249749
122.723376
128.219717
123.386686
125.395342
125.330138
120.181694
127.119307
123.073841
127.943921
124.407889
124.328909
124.503482
125.071131
120.157334
125.778807
129.516534
125.984921
130.443420
128.974121
128.680219
127.167956
128.646150
129.259284
125.536747
131.546111
132.976801
131.482561
128.639220
130.894967
128.850565
133.649722
130.727190
126.978582
132.315467
132.886015
131.404438
132.853111
133.084425
132.272863
133.318459
133.597778
135.334269
134.541506