50
4
23.000000 23.000000
27.720986
20.914667
26.984737
23.200202
25.200906
23.633478
21.198537
17.632211
21.125420
16.356045
16.943290
18.188936
13.657606
16.324663
19.923907
12.445443
9.470807
11.888974
6.408098
8.495250
6.999187
6.685940
3.475385
2.046366
4.652302
4.942811
2.366686
6.245326
4.614263
3.605420
3.741949
4.866837
11.369969
9.081198
11.708088
9.400686
14.146066
14.156445
20.671992
19.037906
22.884939
18.197109
22.125094
20.487211
22.054561
20.134411
27.849735
28.821959
28.974430
29.577670