50
4
5.000000 40.000000
42.050865
39.510491
37.405295
35.890331
33.712184
37.017445
37.301861
39.014660
28.310098
33.973214
32.007939
29.844984
27.359006
28.899931
29.574716
29.684289
26.079753
24.819864
23.321706
25.126997
25.666817
22.429151
23.342592
21.901602
22.432375
21.579841
20.836069
21.535830
22.228880
21.591088
18.957419
22.817571
22.155970
22.374889
23.623117
24.368382
23.450458
23.153975
24.692435
23.069157
24.401614
28.690551
27.177376
27.009306
31.464275
28.978220
28.817905
32.899081
33.037797
31.237439