50
4
-100.000000 -100.000000
147.000033
144.810225
145.006817
153.315294
146.579545
152.072045
150.669028
155.148066
155.091407
154.543870
156.068160
158.952348
156.576207
156.822709
160.759130
157.970501
167.094728
164.956955
163.395008
165.320725
166.966178
163.048550
172.446993
174.950492
168.400878
174.015396
173.909068
181.386986
175.663068
181.973949
181.030899
183.580041
181.001721
184.793326
186.189982
182.764357
188.067674
188.416396
189.910238
193.995366
193.238213
194.390827
192.623463
192.968916
196.551938
199.505544
198.680393
196.660697
202.024408
199.025435