50
4
75.000000 75.000000
102.412591
103.681297
99.789447
101.768062
101.312680
93.502206
94.313623
96.230052
94.399345
90.683984
89.352223
91.403181
88.776594
88.276716
88.748043
82.629997
85.136318
83.692762
79.278596
77.263417
81.139584
82.639197
74.776203
79.206778
75.072498
72.089312
73.390457
72.924250
69.123364
67.260116
66.867584
69.071314
65.944594
65.462933
62.386152
63.229459
63.282834
60.799210
58.901286
55.199953
59.729695
56.693990
57.969676
55.809373
49.308864
52.298287
47.520232
47.488608
42.432551
45.656499