50
4
145.000000 -100.000000
176.950194
171.317152
168.444972
175.127702
170.602805
171.101622
172.031397
171.668875
172.001691
172.169375
173.028351
173.736169
167.876847
174.607354
173.840896
174.951343
174.649807
173.224870
176.222629
176.067978
175.194676
178.306293
177.260894
171.053676
180.281381
176.461220
174.747743
174.521359
177.450997
177.952308
178.965758
176.018596
182.025698
177.469497
179.949905
180.893016
179.531360
179.872932
182.139318
180.248875
179.973538
181.322525
182.330236
179.994624
179.033534
178.916048
181.474006
185.238148
179.294950
180.346444