50
4
110.000000 110.000000
151.359526
155.659651
150.021674
149.803918
152.212859
149.975169
147.415156
145.724758
140.238151
140.218552
140.303040
136.050732
137.137288
135.762088
133.798941
135.535433
133.970447
127.537727
128.560016
129.234404
127.808433
128.786678
133.031306
124.760174
125.480866
121.171587
122.840489
121.607090
122.491275
114.704629
116.547122
117.278330
114.029009
114.127521
114.901094
115.115059
109.999082
112.283289
109.030327
108.354564
106.193341
104.382397
102.849630
102.164369
101.322733
98.448458
102.355443
92.792166
94.649084
98.728888