50
4
22.000000 22.000000
30.965112
26.434996
24.948830
31.173694
24.561900
22.012753
20.885691
19.020414
18.815858
17.966938
14.667328
17.723248
15.253104
15.897850
8.531525
7.347033
5.798181
11.317947
9.135018
5.116615
3.119098
5.624958
1.670639
3.029277
-0.289623
4.360110
2.413785
6.471205
2.479851
9.781503
11.885712
6.292563
12.241787
9.946139
13.922300
11.583406
16.067657
15.854462
12.137908
15.749142
17.902696
20.338504
21.963305
24.739458
25.842407
27.049877
28.524393
26.138492
27.799236
29.482247