50
4
75.000000 75.000000
103.711879
101.176050
97.811273
100.485017
97.514487
94.473440
95.562359
100.565718
91.203687
92.335132
91.725345
90.193718
90.151650
83.748691
90.091973
81.926819
85.617453
77.439584
88.429843
82.993160
80.638676
77.147950
75.652938
76.902664
73.928299
72.913424
71.216920
67.845165
71.627029
72.305156
70.533115
69.800832
63.463467
64.390490
62.588942
63.187604
62.749871
65.063051
58.361055
54.811166
59.285865
56.472678
56.839319
56.678296
53.180765
54.189527
46.824875
45.736375
51.009619
45.907005