50
4
40.000000 5.000000
34.324135
34.599449
32.872163
30.142599
32.896874
33.221006
29.026919
32.191169
28.069306
29.076865
27.814185
28.571304
30.432371
30.488726
31.721136
24.169121
30.982753
29.401353
27.513132
26.280087
28.601531
27.570609
26.931550
28.068704
29.855631
31.402840
26.853725
29.321895
27.893870
32.331635
31.699474
29.283547
34.245647
32.267860
32.954161
32.654561
34.226383
32.553002
32.055945
35.028941
34.234642
35.697324
33.805698
37.382434
39.508410
38.602838
40.050930
39.917379
41.864172
41.831870