50
4
110.000000 110.000000
156.541321
152.048031
146.875306
148.797724
145.908888
144.852297
149.506039
146.390588
143.931718
145.322178
136.577252
138.461911
139.687926
138.005491
136.672830
136.665125
133.506221
136.121595
133.343435
130.244487
129.186488
129.650531
125.285160
126.795423
127.570802
123.351660
125.248990
120.940471
119.244453
121.193609
118.788123
118.273156
116.901512
118.687132
116.271406
108.685148
113.231390
112.361973
104.746400
104.666573
106.245035
108.490954
103.695087
101.600497
100.801606
98.465099
97.101542
102.667682
98.652285
98.525387