50
4
110.000000 110.000000
152.037887
147.275741
148.978587
148.623687
146.137340
148.489040
142.569580
142.902091
145.345604
142.104174
143.113374
140.224723
139.228045
141.800070
139.422672
138.808052
134.269667
136.368741
131.508269
132.404745
128.958885
126.475879
127.940945
125.956837
125.484830
121.739911
118.299165
126.487462
118.895895
117.419679
118.803859
113.959769
116.427427
118.044955
111.690245
110.553133
107.950445
111.458939
111.395115
109.569994
107.348892
102.450471
103.725533
104.434308
100.291630
98.140343
100.890835
101.038172
94.216095
100.486511