50
4
-65.000000 -65.000000
92.250316
97.779445
97.342057
99.393297
97.237633
94.988476
103.968872
104.340962
101.243335
104.970304
103.874639
108.468938
109.329699
112.319581
115.853286
109.526336
112.188082
114.867974
119.652660
118.678247
121.544925
118.933100
121.714132
120.321046
123.335976
123.812698
126.340949
124.886719
130.476659
126.806331
128.230532
129.506169
128.722056
132.881223
131.712070
136.179144
136.852894
144.093872
140.457193
140.326512
143.804907
139.161651
143.056042
145.717967
147.704778
146.081049
145.991486
147.182579
148.245042
152.843245