50
4
-30.000000 -30.000000
47.190044
47.168813
50.264075
45.318778
48.650159
50.524234
52.415551
54.154520
55.972451
56.878679
54.074077
59.247744
57.435979
59.348906
60.368867
64.254569
61.979499
63.180672
67.027627
68.526502
70.961651
71.363137
73.857932
71.894441
71.338339
77.116750
79.922325
75.464402
77.364991
78.746439
79.754319
80.481305
82.449503
86.846863
86.268073
84.316308
87.330948
88.438994
90.431597
94.069487
93.075000
94.333252
91.499408
96.107614
98.415789
96.023351
101.535600
96.261890
104.207055
103.561203