50
4
-65.000000 -65.000000
93.814197
95.675050
101.731033
98.045364
100.502915
104.428355
101.242660
102.895169
103.695131
106.220230
104.575962
110.672687
110.185538
109.775850
113.605784
112.969212
115.596126
114.509662
118.508009
115.919751
117.545614
121.056318
124.784681
121.436054
119.428835
122.560704
127.122819
127.732574
125.830883
128.442158
126.289744
132.000407
134.319055
130.636781
134.726568
136.059619
134.432345
135.695334
142.742723
138.391819
140.387340
141.517413
146.289416
145.978162
146.187276
151.591244
150.247876
145.899775
150.189800
152.619940