50
4
40.000000 5.000000
38.368936
35.023822
37.672675
33.059629
33.568928
28.419340
30.838828
31.592732
32.324227
32.102067
31.831720
32.532183
24.384527
25.453997
29.348164
25.505808
20.388793
28.658519
31.114169
29.406361
26.765128
29.609101
25.482127
26.181838
27.631949
27.764702
27.194499
26.851828
25.255966
30.129251
29.561441
26.646109
26.843648
35.432120
30.213065
30.803501
36.050815
35.358463
32.964189
36.257318
40.268858
36.538424
35.693896
37.346739
40.504876
41.365035
39.032001
41.224869
39.733962
44.465295