50
4
110.000000 110.000000
153.347560
154.185581
156.127414
148.840421
150.382805
144.098185
143.668625
146.450177
140.796986
137.394907
138.631910
142.128092
136.033953
137.787911
139.874136
135.896661
137.179650
133.082328
126.337213
135.382840
130.576667
128.790523
124.682813
123.769175
124.320313
121.865805
122.246538
120.942623
121.978386
121.358688
119.350414
114.026168
113.415093
111.288682
114.295452
114.439089
113.317264
109.341575
113.895829
103.800520
104.990195
107.092237
103.136743
104.698986
102.813962
101.963549
97.454124
100.571761
96.957018
95.900275