50
4
22.000000 22.000000
28.726200
28.321850
25.933127
25.313069
23.888308
27.420231
19.811065
18.694748
21.852671
22.621833
18.222425
13.430093
11.176097
9.081572
10.056559
11.139799
11.607255
7.517164
7.805187
5.885655
2.551198
4.697869
1.777718
-0.831934
2.975361
3.321803
5.426456
4.145833
8.266115
11.614996
7.302829
10.001025
9.680377
12.630004
13.481144
18.538384
14.597620
15.635262
16.659389
18.727426
24.475211
21.604940
22.174314
26.820702
24.672906
23.848088
27.005789
27.595436
28.354404
33.606555