50
4
-30.000000 -30.000000
45.802922
46.196976
47.016450
49.502086
48.605827
51.430466
52.356870
51.118991
53.945387
55.011892
54.371751
60.710006
61.984345
63.969702
61.267175
62.317987
67.349332
64.335155
68.357560
71.930263
68.975958
68.074000
75.799292
70.272067
76.183605
74.080522
76.520149
76.993326
81.680604
77.231672
78.797052
81.064881
84.307927
85.554152
87.777793
83.580997
84.868375
89.892582
88.848676
88.682163
90.605110
94.330542
94.534652
96.869262
95.352419
93.353287
102.499004
100.527777
103.224771
100.297460