50
4
-100.000000 145.000000
179.432394
178.522518
173.776718
177.893101
175.086377
177.965887
177.709381
177.235739
176.583387
174.069033
177.200328
173.714295
171.419063
172.684590
171.143231
174.654479
173.596410
174.643513
166.351663
170.387215
170.768828
174.136745
170.154775
169.442511
170.694781
166.471266
169.999969
169.869651
170.593017
166.196328
167.361247
167.635395
170.797372
168.129278
170.508311
168.241557
161.832177
167.259179
167.448909
166.855575
168.756468
164.245490
171.657934
163.771004
171.990990
166.119270
166.165681
169.517460
164.718017
172.286024