50
4
-30.000000 75.000000
88.344348
78.347252
80.585324
79.969652
81.771978
78.821635
79.741370
76.113895
78.950157
79.364131
77.014493
80.479234
83.711329
79.067608
76.352788
73.715342
74.866044
74.937591
68.627935
72.326020
73.812024
72.980050
71.169893
71.815398
74.178935
71.139524
68.809536
73.085656
70.651438
68.718185
67.215345
69.376496
68.352609
67.498169
71.974355
71.461958
62.097267
70.309167
67.882853
73.040827
67.746629
66.716162
71.305832
69.963168
67.588472
70.097756
69.589574
73.397602
71.658316
72.798342