50
4
75.000000 75.000000
101.052038
96.577902
101.022327
100.564029
94.646182
101.131014
94.718923
93.503057
96.656200
93.951578
90.906026
89.694025
85.205854
84.828074
90.715105
87.288918
82.693915
85.210621
80.545350
85.275335
83.406145
80.636363
80.718451
71.760504
75.394339
74.939035
70.975387
75.752468
69.755157
66.621527
71.907572
70.047336
65.884800
67.564241
65.279975
61.003600
63.406074
55.309808
56.836986
59.991338
57.962830
55.028625
54.816076
48.248366
55.599542
51.387940
52.794189
46.661439
47.791906
46.387362