50
4
22.000000 22.000000
26.384691
25.065372
24.987483
26.032141
20.956231
23.205377
21.908668
20.479694
19.889547
16.622152
15.279788
17.556830
10.279280
13.177354
11.094120
10.587423
12.102437
9.024672
6.901311
7.044989
3.670704
3.393916
1.274772
5.135597
5.561026
2.996410
6.561319
2.674570
5.135248
7.255541
10.669087
11.305721
9.955696
12.272100
9.656805
12.795333
13.160194
16.349165
20.010252
16.934327
16.804386
16.539247
19.874285
21.952361
23.758584
25.054332
24.922695
25.102782
29.634287
33.231630