50
4
75.000000 -30.000000
76.511556
76.885162
74.716907
77.100532
72.799156
76.109847
81.993135
75.252224
71.534340
74.479701
78.008055
75.406034
76.490012
72.679146
76.778547
75.147945
74.493474
76.287526
74.737759
75.879057
75.511778
77.392262
78.823873
74.292825
75.565264
76.770710
77.287197
79.168458
78.383937
83.379530
77.499879
80.766819
77.599212
79.968348
76.538661
83.324943
86.912887
82.300604
82.258939
80.066053
78.992742
80.698549
83.694924
80.686377
81.856206
85.710560
85.778417
84.550854
90.508637
88.894460