50
4
40.000000 5.000000
39.087282
36.082133
36.913829
38.787219
31.114693
31.498439
28.843314
38.361170
30.295877
31.537488
27.358268
28.660867
28.683454
26.062178
26.999053
23.280154
28.162564
26.932613
24.936703
27.335154
29.622327
25.801677
27.730513
26.549581
23.508958
31.377886
28.001788
31.557594
31.312852
26.571843
30.827646
26.612496
30.895473
30.338089
27.872099
30.151278
34.662741
34.880699
33.969699
32.835477
39.786737
37.908043
37.081744
31.529849
38.695919
36.200553
37.957111
37.555477
38.568426
47.195372