50
4
-65.000000 -65.000000
93.217491
96.423370
95.238893
96.079157
101.795293
97.905114
99.216379
101.483387
108.369110
111.449718
105.137767
108.694645
110.493697
109.922982
112.348199
113.626154
116.559449
112.400782
116.249669
114.066457
120.045211
117.823554
121.590544
118.229381
122.611392
125.110178
125.799820
130.730949
126.508340
127.027730
129.113158
129.671275
129.969435
128.307675
134.248456
132.640869
136.834363
137.067154
141.464775
143.122086
139.655075
142.548302
148.418880
144.251746
142.572362
148.260698
145.892843
148.282426
148.869765
151.123661