50
4
110.000000 -65.000000
127.116042
120.944586
122.404348
122.716395
126.508884
120.389521
125.506237
123.767045
124.118973
127.182472
123.521939
122.994833
125.592624
124.402973
128.130974
125.927158
130.137233
124.040328
124.841147
127.971281
125.035750
130.493013
126.898942
123.972415
125.978856
128.078645
126.171922
127.582201
126.416993
128.596182
127.950679
131.006725
126.565974
127.618563
127.148249
131.816012
129.825630
132.389307
130.257351
132.718332
130.867800
130.368630
126.923137
135.106879
131.180042
136.224121
134.126687
129.022750
135.610238
133.399984