50
4
5.000000 40.000000
38.835966
39.023799
35.848760
40.397471
33.081136
32.641211
35.215274
30.105510
32.175590
31.643147
30.882988
27.329658
27.471813
28.324030
27.575685
27.483469
26.233023
27.014330
28.940688
23.162758
28.293283
20.134793
23.546150
23.784863
22.049622
18.532025
22.431451
16.698373
19.946892
23.508585
19.135621
19.684822
23.997748
21.580822
23.562503
22.953059
22.398756
21.317250
29.436348
27.702733
21.620512
23.938252
25.711653
24.699996
28.813214
28.100727
30.362855
30.678822
32.541150
35.805455