50
4
145.000000 -100.000000
169.410842
172.869925
172.926505
169.768153
173.589506
175.740225
169.160359
173.661216
176.789317
173.631753
171.474083
175.062241
173.256228
171.894482
173.110566
174.317790
173.604621
172.721482
173.183705
173.424684
175.291511
178.037252
175.735208
178.317958
176.175888
181.033168
178.619959
177.234546
178.707970
177.871230
179.051359
180.060000
176.929040
179.430615
180.819865
178.073518
178.075895
179.588884
177.934279
180.650118
180.967238
178.535970
177.638023
184.121925
183.066128
184.753521
183.473241
184.757649
181.891915
182.651244