50
4
22.000000 23.000000
29.884305
25.560998
26.260473
22.715010
26.199852
23.561533
21.769643
22.862747
18.583091
16.800420
11.150228
17.712764
14.040553
15.624759
10.287473
11.952020
11.883512
3.694789
6.551728
5.524325
6.469545
5.891967
0.710989
0.549181
4.643481
5.658704
4.762153
1.757003
6.794974
7.367908
6.238062
7.605312
12.073068
11.830957
12.979675
11.759631
14.015993
18.008890
19.835095
23.798791
18.250670
20.325106
19.545570
20.444315
23.274772
22.873625
21.064007
27.666778
29.385448
30.791179