50
4
23.000000 23.000000
28.969205
29.167565
27.505457
27.636534
23.873011
24.925352
21.731104
24.574197
22.482949
21.524791
16.674511
13.748432
17.167518
17.245203
15.756427
12.200334
13.519186
8.423442
7.055418
8.354915
6.450873
6.540938
2.130544
-0.763907
3.683160
3.679943
3.720846
2.127151
6.215529
5.375594
7.355825
9.230632
13.342229
11.398248
10.686903
12.055363
15.604230
13.159754
8.945249
14.695553
21.101296
22.101939
16.312811
19.575343
22.216079
18.810558
22.827382
23.920803
30.278433
27.030079