50
4
40.000000 5.000000
35.379663
33.967630
37.357863
34.664596
28.720618
30.979265
33.626302
31.976162
29.681827
28.456264
33.975262
29.507217
29.384640
28.308755
30.368341
29.007165
29.253137
27.601288
25.373432
30.861519
24.140740
29.451836
27.517780
30.084278
29.625002
24.230927
25.255834
31.545835
27.313236
27.083098
32.447719
32.519993
34.620347
28.726485
26.141351
34.990559
34.454718
35.371768
37.044877
37.286999
36.916150
40.871922
41.094300
38.763849
42.636750
44.100689
40.283070
39.886836
43.263303
40.650299