50
4
-30.000000 -30.000000
47.836811
46.072194
49.293789
45.122158
52.632351
50.764561
53.722269
54.362070
55.482665
58.140928
55.527177
53.478103
59.120855
61.068047
60.928599
59.986182
66.511087
66.516769
65.433949
64.694152
67.546943
68.584917
68.752945
71.873610
75.975880
76.251386
74.789833
73.057322
81.436343
82.529269
79.631680
83.620215
82.522125
81.337163
83.804408
85.062176
85.686644
87.918902
91.347708
90.743903
92.206210
94.204102
93.482203
94.397062
99.713223
98.275334
97.505856
95.273257
96.620637
105.253141