50
4
-65.000000 110.000000
130.329632
129.292505
133.168740
131.954345
126.080759
129.685993
128.486766
127.313770
128.315570
128.922349
125.954751
128.339101
124.659087
124.405478
121.584840
124.210084
121.667489
123.104518
120.394143
122.167340
124.284120
117.574748
123.448643
119.506588
119.173816
123.373393
118.710707
119.601631
121.071584
119.075178
118.129390
121.941273
120.613967
120.582102
121.864985
119.647609
116.826652
118.170049
119.721348
117.825430
118.186693
116.299250
121.447591
116.978369
116.880617
116.126910
116.468696
114.874369
122.223606
117.139355