50
4
110.000000 110.000000
154.053230
155.010812
148.279007
147.605500
148.908955
145.426881
146.499408
147.690671
143.710726
146.573153
142.275146
137.316632
139.476431
138.604784
137.755741
134.642451
132.404613
130.391108
132.884091
129.493804
124.607769
129.019858
130.204255
125.982040
124.457654
120.893880
120.292385
123.850627
120.258668
114.408603
115.771415
115.158254
120.117380
114.095649
113.695109
110.467782
105.257416
112.569768
108.544294
109.350613
108.156227
105.986750
105.209481
105.399446
102.912287
97.920765
99.792287
97.186929
103.873820
100.355961