50
4
-100.000000 145.000000
175.521219
175.701168
178.850846
174.747420
178.268480
176.848028
177.797121
175.460665
179.348445
176.230512
173.227167
175.615961
173.203959
175.575796
174.756694
172.319589
172.811938
171.472659
169.340039
171.326920
168.960404
167.015882
171.753643
174.597804
171.491820
170.003825
166.104397
170.227567
174.045799
170.530749
164.961293
173.085355
167.666880
167.589556
167.965518
169.364539
170.687959
172.326193
165.884368
169.302630
165.118108
167.857133
169.664734
163.280750
171.237143
165.139511
171.873540
167.770251
168.229956
166.014965