50
4
23.000000 22.000000
30.702791
25.122339
27.771606
25.295417
23.563535
20.974592
21.863654
22.064437
16.237149
16.894784
18.660822
14.605371
15.182326
15.337120
10.160018
8.890954
12.032627
8.755599
12.458391
4.178104
4.331470
4.225851
3.369528
2.277630
5.842425
6.703895
4.227778
4.031482
9.384384
4.128807
7.514923
9.873842
12.490928
11.758229
13.386322
17.638594
12.444328
12.532007
17.567864
16.840965
23.281367
21.073082
20.469430
21.751766
23.559948
22.937536
24.689374
29.755204
25.154265
26.128930