50
4
5.000000 5.000000
3.578271
4.114260
0.573689
2.393432
5.042991
4.463150
5.656064
6.963646
5.162373
9.089862
7.357482
10.460208
13.350480
17.205485
16.360999
14.816290
14.569687
16.305684
17.941734
22.628580
19.659509
14.983873
22.830915
26.791693
25.286512
23.616263
26.239037
27.820428
27.034451
28.070386
31.410628
33.187630
34.178018
34.046281
35.221153
35.195068
38.713433
37.939031
38.071915
41.032801
45.322986
43.425996
39.249138
47.210953
50.473093
50.259012
49.050496
53.818324
50.285084
52.787646