50
4
-65.000000 110.000000
131.752394
127.150198
129.691006
127.701816
130.451850
126.043560
124.120081
125.838168
127.690365
125.389481
123.084109
125.344424
127.143788
120.288540
124.441310
123.114693
124.697844
123.497928
120.143715
125.253974
122.686310
122.902715
123.033998
121.964604
119.839920
120.823041
116.872557
121.306539
118.245519
120.154850
117.897512
117.843285
115.857374
116.947113
121.284360
118.500918
121.874979
119.730699
116.742688
116.947716
116.636460
118.852904
119.128327
117.985096
117.681428
115.814720
118.305322
118.003435
117.121821
117.885990