50
4
-65.000000 -65.000000
98.621821
99.786439
100.776930
100.608107
102.641111
102.463554
103.255655
102.775638
104.262343
107.065771
105.547184
109.818091
107.191024
112.201089
111.661616
112.450982
113.461913
115.032109
114.835198
120.612531
116.703967
120.119644
119.548651
123.059763
125.899503
120.955792
127.874315
124.742743
130.221641
131.352131
128.498497
134.471408
131.164473
134.819889
138.339277
133.830685
141.439166
136.787169
139.235893
141.581085
142.657982
142.980605
139.095008
145.988219
144.524707
147.121944
148.681834
148.154287
149.576841
150.529112