50
4
75.000000 75.000000
104.910996
99.398133
98.925770
98.053526
94.319051
101.780143
97.130141
96.384841
94.932598
95.319329
90.000333
92.002985
86.257423
90.783732
87.753933
88.955276
83.921007
83.581509
81.587551
80.159061
79.530051
76.942062
75.861635
74.267531
75.512201
72.508848
73.810425
70.977792
73.656647
70.940392
68.624863
69.470479
67.537655
65.665576
64.487086
67.298165
63.740540
60.673166
55.123165
58.199173
57.416545
54.983767
55.487304
52.505333
56.832118
50.641241
51.038704
49.995179
49.460854
47.329328