50
4
145.000000 -100.000000
173.574770
171.332944
170.532920
170.007863
173.858781
171.823227
173.976088
168.279995
173.458978
172.706259
176.299370
173.699087
174.608323
170.262972
174.199535
172.640962
175.135732
174.239744
174.654679
170.289413
174.140468
173.844959
171.149348
179.391130
172.804209
178.453334
177.698115
176.824658
171.995421
174.026169
180.371176
182.897090
181.312230
181.887792
180.789135
177.076009
181.133516
181.701261
178.605481
179.084660
180.838695
182.345476
181.579312
178.759252
182.202317
183.282517
182.253771
184.683373
185.734853
189.209214