50
4
110.000000 -65.000000
124.350497
126.918035
121.997539
124.935897
121.267438
124.322978
124.875722
128.044353
125.714667
118.790281
129.055826
125.423451
129.451983
124.774641
124.377993
121.915836
127.827686
124.187915
122.599058
127.638006
124.224411
125.046843
127.347753
127.873515
125.317308
122.157848
125.406545
128.155944
126.092784
129.555420
129.820657
129.371637
126.282471
129.255653
130.023542
130.814201
131.377862
128.134038
129.801682
134.748419
128.870823
134.134602
133.052362
132.066211
129.812491
133.776595
132.220620
135.968296
135.099220
135.902174