50
4
75.000000 75.000000
103.800244
102.358458
99.990845
101.366880
99.619495
96.654982
97.226116
95.161546
90.994836
96.015116
86.608345
86.358882
87.841793
85.318753
87.752722
82.762110
86.133030
80.578545
82.445296
78.406440
75.666892
77.491887
81.896319
75.791896
77.483517
69.203641
73.789482
70.247237
71.307597
70.846731
72.598620
65.647419
69.143660
63.936698
64.368561
65.038029
63.625534
62.043808
56.375873
60.177261
58.951207
57.619736
54.678528
50.900810
52.966013
52.323235
53.124996
52.377494
48.060037
46.686216