50
4
40.000000 40.000000
50.611067
52.932426
51.853936
46.892296
46.052683
48.279897
44.693287
45.726409
43.466306
45.357368
40.730112
42.007541
38.187019
38.737523
38.505667
35.458277
40.057679
32.299782
31.407468
32.116005
31.915895
31.120802
27.113727
24.927917
24.987637
24.964369
24.777622
20.084397
20.654776
18.976319
20.007773
17.783727
18.911479
18.062016
16.576970
15.498107
13.719009
9.358937
9.437036
10.418366
8.495210
10.052227
10.740737
8.736530
10.053003
10.651040
10.415694
7.580423
4.908387
5.866219