50
4
23.000000 22.000000
26.858374
31.964377
28.957742
22.828147
27.824411
26.043362
14.900180
21.004573
20.055968
15.698606
17.987099
19.843617
15.031115
12.823274
10.219810
13.479370
9.149140
8.889108
9.514260
7.148718
10.974861
7.235597
4.945111
5.224910
2.204243
1.130927
5.955455
5.133147
9.965987
8.674737
5.959176
8.966036
9.293835
10.874578
11.433022
17.933970
17.094280
12.397968
19.849605
16.312369
19.743458
23.938495
23.417760
20.151428
23.820393
26.243110
27.231204
26.276217
28.247083
30.890275