50
4
-65.000000 -65.000000
100.154523
100.049765
97.354043
101.775997
102.994618
100.375201
100.846173
106.025758
106.163010
104.133502
106.000826
106.741568
112.464018
111.652131
107.496115
114.101828
113.924867
115.590197
117.219589
117.155578
117.877066
120.594407
124.514890
120.741216
122.369271
124.003008
126.335517
122.395050
127.628130
125.888170
133.396727
132.142301
130.693071
131.714470
133.909140
138.662084
136.031431
140.993457
138.423591
138.680422
140.271092
143.518010
144.348422
146.784470
147.221759
145.836335
147.250388
148.673131
149.538441
153.102009