50
4
-30.000000 -30.000000
49.185589
46.722195
48.210566
48.898725
50.699573
49.408579
50.507253
55.141214
57.246601
54.747026
55.712170
61.735004
59.368945
61.408868
60.114420
60.625608
63.467370
63.203965
65.089924
65.389046
70.466494
68.152164
73.400126
70.098350
72.429201
73.344100
79.965741
77.661554
79.615733
82.394173
83.071363
82.873956
84.288441
83.961821
84.833990
87.248832
88.791806
85.888507
89.228484
89.071122
92.383409
94.903561
95.687952
93.644007
93.464644
98.590553
96.109926
102.698469
101.146612
107.319614