50
4
5.000000 40.000000
43.333627
37.037591
42.767881
38.856221
34.845187
32.730789
32.906081
31.297791
36.071485
27.545885
32.800001
27.871926
31.009646
31.090966
30.323709
27.650877
26.692920
19.673981
25.454688
23.526919
22.292456
15.887550
21.862647
25.547715
19.226619
19.053798
22.032787
20.817868
21.321856
21.213325
22.886069
15.340197
22.609643
22.273082
22.361947
21.204153
24.284739
21.948432
23.171514
23.927511
28.798881
24.893002
27.601957
27.213315
21.930160
26.147136
29.301446
30.000483
31.537603
33.959765