50
4
5.000000 5.000000
9.736834
-0.676328
0.898684
5.863102
1.658930
-1.796109
3.619425
5.092591
4.936269
8.801883
6.947708
7.515553
13.842717
11.802838
10.438726
17.194841
17.744065
15.789290
21.308927
15.010899
22.686787
21.209321
22.470040
21.597164
25.656113
21.592211
25.660215
32.355474
30.512875
32.388637
31.890405
33.999143
30.609656
38.018048
38.084621
34.651922
35.074774
40.229456
42.321719
39.830697
44.612176
42.990981
46.808233
48.719351
47.401626
47.393508
48.690681
47.922452
50.681602
49.741793