50
4
75.000000 -30.000000
82.182132
79.120043
75.681447
74.830941
76.726462
76.863611
76.301250
75.452875
78.390599
73.638735
76.428361
73.553854
77.318584
74.908475
76.236409
73.170526
73.336068
74.161315
76.266314
77.384684
77.684201
78.033271
78.680942
75.645745
76.449870
77.884514
78.875871
78.830139
82.873172
77.991675
78.205089
76.896059
78.904940
79.862509
80.960339
78.693995
80.594499
81.163593
85.107494
83.819576
83.977545
83.634383
84.002653
85.703956
83.307859
86.303104
85.351162
82.936512
83.892612
89.122355