50
4
40.000000 5.000000
32.028630
35.210869
36.819545
33.115356
32.482046
33.392933
32.446047
33.737153
33.483150
30.630307
27.769563
27.203975
29.959705
29.041775
28.357573
25.685818
27.407454
27.540123
29.543150
27.834174
27.539534
24.253232
28.279832
22.416532
26.045816
31.101658
25.114575
33.124935
27.800714
27.504137
28.052955
28.978548
31.347422
34.292448
28.768216
33.474760
32.241816
30.085987
35.175548
36.672396
37.045644
33.983532
40.792582
38.634913
38.897983
40.193030
40.109566
41.471144
36.806357
40.498776