50
4
-65.000000 110.000000
131.979966
131.792332
124.761384
130.386418
126.040855
129.269458
126.080841
125.944922
130.458135
128.455403
127.538137
124.345298
124.858095
122.759679
124.092224
127.959939
121.453684
122.906606
122.348357
122.088476
120.236403
121.057349
120.622944
121.956128
120.164759
122.924337
120.945237
119.591497
120.132511
120.006268
121.297170
115.455085
118.645796
121.332769
119.718349
118.810929
116.928792
117.197184
121.373452
117.308861
116.914951
119.702852
119.165225
118.750917
113.865673
116.675592
118.082899
120.790221
121.126577
116.916243