50
4
-65.000000 -65.000000
96.815922
94.504979
95.413651
97.685086
98.853780
101.687976
105.880396
108.511205
105.584480
105.347231
105.357493
108.587263
108.005687
109.711460
114.648939
108.950971
118.132852
115.606958
113.508737
112.906301
118.616073
120.085633
122.103279
120.574920
126.401131
122.086589
126.355125
127.774052
127.825606
131.599106
131.843604
130.931484
129.945751
127.964562
130.993393
137.428907
139.795571
140.085764
141.893838
139.686747
141.790220
141.463746
143.382404
140.859751
143.372486
146.463431
148.306834
152.419116
150.503486
150.498803