50
4
22.000000 23.000000
31.685817
27.025581
25.870475
23.330238
19.738025
23.560732
24.020356
19.882725
20.871602
20.906706
16.084480
16.537310
14.621882
12.784116
9.020710
11.514141
7.473548
10.707292
8.702744
7.652424
9.312904
5.456891
4.534877
4.944857
1.255128
1.276004
3.883056
6.935558
4.054856
3.792683
3.878410
8.114520
11.536593
11.449442
12.249029
10.789345
20.515326
12.603973
17.226979
18.516929
18.131226
20.109095
20.451088
22.829535
20.372541
22.393304
24.831596
26.696792
30.971704
27.431493