50
4
-30.000000 -30.000000
48.400444
50.180828
47.711875
50.696605
51.207801
52.020651
53.363993
53.701768
52.178070
57.259452
52.792700
58.908170
61.839299
63.385371
61.840326
64.234571
64.221373
62.353260
65.892339
71.340068
71.974186
71.113141
70.391698
74.319235
74.626621
76.852452
72.092672
75.090140
80.164406
82.841202
79.014792
81.544169
79.022342
84.300734
84.775058
87.347451
86.875914
86.045062
93.645855
89.897680
92.660552
94.383890
95.609929
96.500242
96.411093
97.890325
100.983439
98.801076
99.705621
99.515130