50
4
22.000000 23.000000
29.679510
29.149393
25.999801
26.159820
26.381541
23.052102
21.919650
22.149166
20.449126
17.896413
18.314871
16.936166
13.803925
12.618375
12.159323
10.541762
11.087226
10.476372
7.266755
5.578796
9.157396
6.984113
2.245655
1.328094
5.940899
1.714923
1.766057
-1.627182
2.459554
1.810350
6.941332
10.909881
6.032169
11.154015
11.123671
12.082118
12.236488
13.165412
16.888308
18.621916
16.713272
16.985186
18.680629
24.396473
21.867872
24.148325
24.783979
25.686996
31.216429
29.557004