50
4
22.000000 23.000000
30.125201
27.237030
26.382990
26.162950
23.163580
23.124452
20.404132
17.517250
16.244775
16.101469
22.591970
12.152302
15.316933
10.949927
8.103113
12.882277
12.936315
6.564977
3.905266
6.222761
4.516515
0.795134
2.798498
1.536244
4.563009
3.743357
5.650968
-0.025171
2.491798
8.214732
9.630894
8.693226
8.230671
12.451850
15.560957
13.765439
16.179379
16.154449
13.846237
16.848344
20.558340
19.106996
18.942524
23.797634
17.909432
23.927918
19.799250
32.806108
26.841424
28.567776