50
4
40.000000 40.000000
52.212175
50.582481
49.147462
48.634444
45.985975
48.569596
47.549921
38.987750
43.231720
42.800009
42.521606
40.759194
40.713339
36.366028
37.436469
33.780063
35.514945
31.081846
31.041560
32.472656
30.115101
26.790574
24.628755
24.418963
28.943637
21.637678
25.812766
21.874192
18.192350
20.791788
16.414740
17.832769
21.839842
15.709058
14.752180
14.108286
11.803880
11.764596
12.430765
8.153190
9.627875
8.123288
4.878058
7.734140
9.427555
5.800667
12.466443
8.828359
10.696778
5.880871