50
4
22.000000 23.000000
28.201498
27.603397
26.601727
24.267715
22.419705
20.409418
16.818164
21.447128
18.239698
13.979770
15.842168
16.818254
16.688229
11.872506
10.443878
16.062122
10.399106
12.796492
9.435294
5.451587
4.630625
5.855555
2.324273
0.718226
3.421077
2.936139
5.802125
4.118801
6.643575
8.925073
9.507950
12.660882
9.374174
7.891640
14.907504
13.670862
11.021195
17.998437
16.197044
18.763067
20.028189
18.460039
19.545571
17.693226
25.866086
22.639488
29.294534
22.378022
28.503685
24.311012