50
4
23.000000 22.000000
25.523055
22.556402
24.329199
26.861094
22.586078
19.698527
24.185708
23.745460
22.465138
21.313896
18.539749
15.077155
13.975580
12.883036
14.247357
11.159524
11.546493
7.812957
8.541695
3.472805
8.629255
3.001763
5.889598
2.247041
4.090185
5.711238
6.616892
7.562680
7.873580
3.038749
8.681690
9.114472
10.059509
11.084398
14.439728
14.435475
14.741820
19.962451
12.580428
19.332385
20.856203
19.542521
21.004585
20.515044
23.393365
25.712201
24.440798
28.749015
25.892664
31.338653