50
4
23.000000 23.000000
31.822308
27.702551
26.666333
28.423328
23.827923
25.540579
22.785656
23.974760
25.873805
19.306159
16.441531
19.511297
13.110123
11.593181
13.633058
12.724516
12.842582
13.155139
5.552757
8.357240
9.589388
3.889698
3.672497
4.372671
1.591303
2.642940
0.640598
7.764579
7.574154
6.064758
2.928641
3.705106
7.168613
11.064738
8.828753
10.709531
14.938540
14.721480
17.499259
15.275781
19.445217
21.082116
19.941182
20.180850
25.843189
22.827481
28.622323
24.228362
25.169344
28.546421