50
4
23.000000 23.000000
29.647694
31.542943
29.669744
23.838158
26.232534
28.823779
15.754500
21.403373
17.675905
18.992390
14.596602
14.743612
15.928480
14.677447
16.497557
11.759280
13.474825
9.346466
9.877419
10.475679
4.688894
5.844681
7.482324
4.387059
4.927333
5.451319
0.805407
2.826952
7.596183
3.855992
8.135728
4.235558
10.222728
10.234638
9.731269
7.023896
8.664932
17.963832
16.822148
15.880897
15.875076
18.053624
17.772402
21.944682
23.798489
19.852433
26.366873
25.530843
29.417352
31.118686