50
4
23.000000 22.000000
28.092268
27.639813
25.291087
26.461657
26.416778
20.803537
22.894352
20.764566
24.178200
22.896988
16.010693
13.565557
13.486641
12.720403
10.319580
11.331363
8.535264
8.910652
3.128944
9.503502
7.494199
8.677793
7.918264
3.106082
0.262812
4.162670
2.527478
9.683090
5.771736
7.630567
4.841837
10.179880
9.003728
12.718002
10.379371
12.841773
16.504660
20.080493
19.551235
21.950942
19.097442
20.308742
24.692858
23.412869
21.482949
27.195589
24.080561
30.124212
30.991322
28.788035