50
4
-30.000000 -30.000000
46.598099
49.751665
47.943517
50.878410
45.897782
47.241795
53.199378
55.287739
54.525822
53.656346
53.983187
61.305712
57.907194
59.901368
63.985067
66.669873
62.470230
68.422676
63.843507
67.718342
69.018559
67.237835
68.008089
70.837669
74.784883
73.905856
77.616801
78.200288
79.922656
78.894170
81.351254
81.500786
84.740365
84.790165
82.590651
86.008454
87.290211
91.133101
89.168229
91.725608
95.887036
92.729060
96.407603
98.934227
96.833135
97.189496
97.810836
95.528373
101.613300
101.143796