50
4
5.000000 40.000000
40.862396
37.354778
42.554900
40.533345
36.981765
34.019432
30.872859
31.756129
32.303952
33.163502
28.497314
28.780216
26.895449
29.876991
31.807197
27.538495
25.884254
23.270035
25.423543
22.957045
27.943453
24.645391
25.467859
21.822306
20.011645
21.368910
21.447733
17.301687
23.560769
23.064979
20.645531
24.822604
24.061913
26.123571
21.467039
23.199790
22.033815
20.928554
24.710286
23.622338
22.378685
27.460496
23.501731
25.025137
28.499909
28.321991
31.900826
30.268788
29.503341
32.211052