50
4
40.000000 5.000000
34.958929
38.816699
29.948097
35.344385
35.517836
32.788886
31.982678
30.404211
31.757151
28.283310
25.521210
29.928974
31.468538
29.170681
27.833036
29.558029
27.112914
27.786259
25.229244
24.273521
30.800100
27.603600
28.643452
25.581436
27.491320
25.666040
29.677044
28.673024
29.224336
35.701516
29.601911
28.732855
31.889888
32.458025
31.901119
33.221731
31.395475
34.528031
34.796818
38.849129
37.052104
38.626242
37.033296
38.373878
38.357703
40.479583
38.510930
40.807792
45.133887
39.117853