50
4
-30.000000 75.000000
82.661247
83.849112
78.112367
79.953121
80.455432
81.013209
78.247885
74.457448
80.955651
77.352928
76.292277
76.988709
76.573962
75.606776
75.435947
72.174671
75.749388
71.060276
71.282454
70.195841
74.666526
70.694923
67.642204
70.626086
68.499481
71.679633
66.980684
67.847477
69.445307
72.163524
69.757944
67.490475
68.907516
68.974313
70.966150
66.740616
64.942223
72.231686
67.000431
71.514818
65.693440
66.962869
69.883039
70.260737
65.092792
69.570658
72.055249
68.111889
67.621265
72.301390