50
4
-30.000000 75.000000
83.284804
83.609406
80.168564
81.839435
79.552080
80.562861
73.493995
74.524190
76.284872
79.390249
76.609843
77.086602
78.335740
75.965460
73.081315
74.575995
75.768139
72.388357
76.972622
72.396305
72.670176
72.278535
72.911145
63.578034
68.962317
71.057871
72.146830
69.572004
68.165289
72.686671
69.458459
68.922556
68.561728
65.938238
68.754669
71.350929
66.921354
65.941593
72.808549
65.736562
70.744387
70.974510
66.156065
65.182395
71.081072
64.001310
71.271517
66.211504
68.789756
72.451286