50
4
40.000000 40.000000
53.003332
51.540900
53.244417
47.617411
48.699225
47.173544
44.938163
46.775485
46.673434
44.645530
43.081612
38.889636
36.441697
38.514116
33.790719
37.608571
32.911227
37.031531
29.100532
29.767832
28.669242
31.118661
30.308318
23.959694
23.736443
23.311506
19.888498
22.185726
18.564359
22.340512
20.580859
16.793665
15.641238
14.023745
12.969059
12.242655
12.839876
16.209893
12.031072
10.734053
7.777916
6.689611
8.986747
12.667989
6.548090
6.436742
8.046799
8.287029
9.377111
6.879212