50
4
40.000000 5.000000
35.572655
35.134959
36.963398
36.727151
37.295749
33.519957
30.690505
30.060941
27.459628
31.052353
32.255049
29.791637
26.993899
27.802930
30.130110
30.947671
29.496041
27.302930
25.546780
27.479369
25.505556
28.597514
24.872409
27.468371
27.920757
28.890862
27.689609
31.966201
31.965631
31.846125
29.110258
31.945250
32.126918
31.426870
32.561668
31.589616
34.789756
34.043900
36.615288
36.279738
37.222602
38.279100
34.984318
38.252628
40.756977
43.705901
40.819744
41.875004
41.730643
38.793948