50
4
40.000000 5.000000
37.865778
35.414713
36.587267
33.958526
33.084958
36.865932
33.034570
28.437801
31.550677
30.258758
29.893066
29.900818
26.803812
28.728208
26.146574
30.092934
32.154666
27.657423
28.646821
30.853820
30.055457
29.325122
28.826185
26.686906
26.220519
29.538953
24.434277
27.100748
32.356619
29.457834
32.223176
28.081450
26.884870
32.062028
31.406076
33.004037
33.139924
36.704445
34.126894
35.150617
37.908614
43.935347
34.969941
36.297315
41.843871
40.189202
42.306668
41.371069
42.246844
45.233893