50
4
40.000000 5.000000
34.747785
34.329172
36.375195
33.221915
33.091839
32.656336
32.307838
30.621306
29.389467
29.010624
26.463113
28.681378
27.845578
23.775700
33.104274
26.857781
29.145957
26.089149
22.670164
30.222231
30.893724
24.791932
25.181379
26.863505
28.620306
27.880819
26.381333
26.667208
30.985977
27.595839
32.916154
29.538495
33.370257
34.145273
27.434293
32.472050
32.678755
35.007193
34.058504
34.246809
39.181097
39.411983
33.474283
35.362701
39.344620
38.542731
44.831336
40.906574
33.232017
44.866010