50
4
-30.000000 75.000000
81.500787
78.202241
79.856028
80.156652
81.690519
83.672569
74.631518
78.741121
74.698173
78.312302
77.602800
75.018719
73.955922
72.952098
74.993808
72.077231
76.103778
77.676487
72.764958
71.768757
70.834137
70.424659
73.459514
71.773509
68.115576
73.915921
66.923231
71.534146
64.500587
69.847705
67.782412
73.305090
66.825340
71.175232
68.233159
69.087957
66.661474
65.064432
70.186163
67.622420
65.556976
66.426107
69.570901
69.928954
70.798319
70.391810
72.612963
75.347374
71.770546
72.666178