50
4
40.000000 5.000000
35.238236
33.220328
31.050594
38.910338
34.713220
35.368430
32.388523
31.142268
29.190516
28.959623
29.266504
29.071650
30.532744
33.177115
27.398887
25.795378
29.968987
25.859307
31.105401
27.564484
28.860385
25.794030
28.057862
25.499927
28.437024
27.606662
29.896812
29.200449
31.508377
33.304374
28.675283
29.780889
25.925923
33.492546
30.328408
30.959588
34.927420
38.808446
39.516717
36.470951
40.010494
39.369120
37.434834
37.312740
36.947844
39.747071
42.428242
41.016330
39.959626
40.898836