50
4
5.000000 5.000000
5.751463
7.150693
3.235089
2.366952
0.103626
0.000000
0.000000
6.447722
1.021563
6.988224
4.095084
13.173221
6.531095
10.487040
15.743659
13.961004
13.348407
18.627087
15.669840
17.216880
22.838529
24.617164
21.619669
22.567270
20.262655
27.522246
28.102750
27.596365
32.592283
25.085005
30.140975
32.685850
35.424669
37.411620
32.904908
36.617656
44.459854
46.075516
38.725485
37.404012
38.815364
44.261332
46.006492
50.148797
47.574255
46.514569
51.937116
45.702393
53.654997
53.971322