50
4
40.000000 5.000000
38.536000
37.626358
36.791680
33.589703
32.085284
30.002812
29.730161
33.632976
29.574389
29.963472
30.586056
25.974721
23.637387
28.917424
27.513349
28.256310
27.674029
29.069217
26.955064
25.355915
27.006349
27.378885
28.816790
30.804909
28.002386
30.350858
30.048755
29.499129
26.537663
32.056571
28.052502
34.674840
29.165156
32.289008
34.663131
36.255200
29.442615
32.993449
36.400738
33.891133
38.003854
34.779073
38.677967
40.582633
37.589690
37.247305
36.794712
40.605665
47.482331
42.230041