50
4
40.000000 5.000000
37.312337
39.084361
31.411349
32.013835
34.060150
30.282363
28.359087
33.898839
35.652087
32.173360
31.229623
22.150962
30.453910
27.543254
28.160577
27.053399
27.026276
29.552085
28.173150
28.801909
22.792266
25.005771
27.733071
27.964974
29.176285
25.612760
28.908249
25.837717
25.696221
34.705081
33.194778
29.802025
30.299062
29.763834
27.714785
32.813165
30.646297
30.981220
37.387701
36.456288
38.646632
37.398891
41.204030
39.780690
38.355841
36.263893
42.715177
42.115441
42.147553
45.305052