50
4
-30.000000 -30.000000
48.719660
46.353450
47.131706
52.115139
49.788900
49.580078
49.925260
53.515390
53.509694
56.175169
54.892015
62.148181
59.203407
59.287338
62.252083
63.952673
63.475595
63.628657
69.189303
66.462925
74.303203
69.623505
71.147913
72.325594
75.233839
75.428791
75.943973
79.644133
74.761057
79.824018
76.051078
81.628606
84.425844
85.319869
82.189518
89.721169
89.354508
93.584062
90.742303
93.519754
94.130221
92.756448
93.830547
100.538868
93.142587
99.173928
98.333920
104.499714
97.712072
99.077639