50
4
5.000000 5.000000
6.102565
6.206612
2.631099
1.551623
0.450191
2.648398
5.341038
9.302105
3.987225
5.105489
7.193840
9.975564
8.018880
12.356120
11.942978
11.495001
14.097505
19.227249
15.734532
18.701309
18.158697
22.942885
19.776398
26.562427
23.132763
27.168234
25.186477
27.162448
28.235922
31.996051
29.434717
33.282518
35.729900
33.919835
37.688753
31.114965
40.206762
38.418560
41.047452
38.019049
43.995812
45.358398
46.998659
45.118305
49.358068
45.372493
50.507755
49.655696
50.943350
54.900473