50
4
75.000000 -30.000000
80.655695
79.675598
75.958132
78.819973
78.345985
77.018738
80.945325
72.818894
75.772515
74.746676
74.450365
75.352054
73.219842
74.279085
76.417654
77.921922
74.246216
75.492921
77.301494
78.029070
77.387288
77.243323
77.887146
76.212349
78.101872
76.892360
77.648418
80.819549
81.171527
79.768513
81.368865
75.955165
80.723876
79.283152
81.680846
84.474547
80.714293
77.266539
86.604397
79.592687
85.099069
86.049245
86.421601
90.606954
87.737075
86.089620
85.815701
88.576168
87.993915
89.584048