50
4
-30.000000 -30.000000
43.932855
45.199088
50.089813
45.663355
52.976287
51.927022
54.742517
52.103943
54.077331
54.789044
58.546384
62.071046
57.195481
61.005415
60.224478
65.675106
60.933767
66.796050
68.151595
69.062306
70.855848
65.573469
65.962557
72.680379
72.427914
76.446610
75.930938
78.985409
83.145471
76.245418
81.983598
79.404706
81.535429
84.012317
87.649288
82.480103
88.513848
89.901050
89.714197
90.733107
92.046448
93.463639
99.035910
99.734842
97.287249
101.451675
94.562868
99.243198
99.941796
101.007654