50
4
40.000000 40.000000
49.140187
51.885590
52.341037
46.094068
46.904081
46.609042
41.224582
42.473726
45.953642
38.632136
43.964028
40.884863
36.852132
35.907983
36.352507
36.112674
32.481979
33.248188
33.123659
31.564960
29.746261
29.659050
29.325275
24.383174
22.144365
22.345663
21.965774
21.329027
19.953421
18.827055
16.813938
20.616609
21.296085
19.000126
18.483223
13.249583
14.325764
9.894109
11.742112
9.878030
9.024837
9.078034
7.507722
8.504270
10.494202
9.244992
9.537585
7.215809
10.265775
6.562784