50
4
40.000000 40.000000
53.801574
56.490451
48.866639
50.508727
49.909342
47.986097
47.694022
42.216049
48.617315
45.461410
43.074222
42.560431
40.281382
38.861608
36.110064
34.667602
37.614546
33.641294
27.167402
28.000313
32.593000
28.438125
24.876190
28.680952
23.162034
26.163242
22.822500
23.380564
20.754385
20.355430
23.389061
15.806822
18.871139
19.784541
18.637743
16.930569
16.181594
10.909581
15.322847
10.771201
7.133957
12.575547
10.491965
6.490511
8.705623
8.778496
8.267916
7.531736
9.620383
10.998709