50
4
5.000000 40.000000
36.505526
36.176624
39.445922
34.258518
36.864716
36.100706
32.797449
32.803452
31.978361
29.184025
30.139122
31.230300
30.146691
25.816779
28.860291
25.618450
25.446854
29.051441
23.630296
26.106457
21.447101
22.941984
27.199936
17.979660
18.839865
21.943144
16.102400
25.818108
20.592169
22.859118
23.768577
19.377880
21.518651
23.243316
23.668026
23.602953
22.071943
25.581311
30.328767
19.955605
27.617119
21.501541
25.899882
26.877405
30.204711
34.141110
24.391258
31.425703
33.491889
31.349886