50
4
75.000000 -30.000000
76.499085
79.050484
75.382661
76.342489
77.701099
72.724705
76.843906
74.370883
78.982597
76.152648
73.983942
69.893652
73.094563
75.447028
73.448599
78.003257
76.198754
74.871961
77.486345
72.120805
74.462594
78.622882
74.925169
78.047338
74.912958
76.631264
74.241420
78.701622
79.231860
79.145328
82.119501
79.187257
80.129800
83.263863
82.823582
82.664378
83.026418
85.132782
84.527944
85.101817
88.029584
78.337882
83.519951
83.259940
88.802923
83.993431
90.171171
89.155444
83.480751
83.459031