50
4
5.000000 40.000000
41.180183
39.185269
36.668994
35.498205
33.369597
35.491410
36.443841
29.557552
30.810720
35.250798
30.470702
28.802736
32.491365
27.002204
27.578673
24.431831
24.325505
21.836732
23.898765
21.985056
23.605607
23.240121
23.441276
21.604444
24.587232
27.863419
20.018471
19.782627
19.963008
19.285920
21.904415
23.648446
20.661648
18.852139
22.222373
21.603911
20.708091
22.354121
23.982636
23.806229
27.157626
22.301571
27.162471
27.321815
29.685244
28.936779
26.492816
27.958996
32.411721
33.729421