50
4
40.000000 5.000000
35.811124
35.357225
32.379767
39.451903
34.658799
30.457849
30.071520
31.896558
26.994895
28.761953
29.483379
28.318457
29.082781
22.412696
29.605525
28.412189
28.803566
28.684297
27.058131
31.256308
29.132009
27.079343
24.528786
28.462558
26.481146
26.544531
30.808424
29.273109
33.351333
31.547022
26.777623
29.258267
31.813497
33.720966
32.934821
31.683384
33.320235
34.002221
32.717153
31.274221
38.309865
36.059621
35.503854
37.854973
38.347209
38.782857
43.016888
41.742884
44.866600
45.140747