50
4
40.000000 40.000000
54.649154
49.865234
48.925592
50.623309
45.726078
46.717472
47.896972
46.469521
41.668486
43.345321
44.323952
42.191139
35.344522
37.685961
37.055218
33.795925
33.842270
35.322167
30.501697
30.510144
29.745989
28.973976
25.339329
28.590877
29.133324
22.666762
27.057483
19.263820
21.695991
27.169642
21.884379
20.868410
17.647865
17.052991
18.015196
15.535874
14.429631
12.380160
8.056934
6.323016
7.563347
11.927660
8.858801
9.887710
11.478331
8.954818
8.573481
6.734196
8.723157
6.506727