50
4
75.000000 75.000000
101.870697
103.901443
103.558051
101.472240
95.630718
98.695606
96.767556
94.960806
92.821609
90.659019
89.990689
90.883635
90.018309
86.273462
88.402871
86.144469
80.470468
82.579056
79.884758
78.333092
75.856639
81.766638
76.326446
75.409982
76.617303
77.753305
73.915946
70.799023
70.342003
72.160601
65.828252
65.695882
66.917956
62.313785
63.978223
57.395260
61.680701
64.301055
59.199205
60.744945
60.786867
57.335258
57.274871
55.630446
51.157641
52.309285
48.532956
46.237015
45.390516
48.443195