50
4
-30.000000 -30.000000
44.078149
48.359377
46.330780
51.445784
47.862383
51.036510
53.943891
51.199707
52.282478
55.908651
59.579036
57.563679
62.791175
58.247144
65.897532
60.126056
64.539193
67.534810
68.815070
69.908578
70.174210
66.611730
68.494044
77.058216
73.655562
76.368860
75.858946
77.210007
80.012506
77.857656
82.458167
86.134848
80.598869
82.850537
82.720396
83.494474
86.808284
87.209166
89.675987
89.978465
94.111570
90.236266
90.040121
96.785685
95.510286
98.778074
101.293679
101.399156
100.395495
99.460241