50
4
5.000000 40.000000
35.779354
39.875556
33.694286
35.762810
31.885003
37.750377
36.114288
34.683252
28.271898
30.313288
31.273081
28.133961
29.272607
24.877458
28.974320
24.487239
26.161153
27.084994
22.814993
22.594254
18.143490
22.151802
26.918928
26.510444
22.092282
22.157829
20.041699
21.858051
17.924591
19.590416
17.875378
21.424166
22.781857
19.495434
21.208959
18.544038
19.148926
25.250720
24.462959
26.357634
27.098857
25.897754
24.885395
25.929680
27.654073
28.170276
28.292526
30.269691
32.595898
33.452383