50
4
5.000000 5.000000
3.879982
5.061085
6.419203
2.770847
1.210373
3.645094
4.430322
4.335557
6.267544
8.186542
9.762194
8.338178
10.314038
12.326050
9.052210
14.635157
15.112022
18.159749
17.940231
19.252973
22.606276
19.794326
16.640072
19.987688
24.895490
28.394999
23.417986
31.483092
30.001024
27.561964
31.516726
32.973382
30.638992
34.551903
39.528818
37.478486
32.608837
38.635778
38.965511
39.925442
39.936539
43.002195
42.023291
48.460428
47.472577
47.973041
49.781032
49.561762
52.441543
54.499780