50
4
5.000000 40.000000
39.953738
42.450846
37.379085
38.935659
40.610969
31.351792
35.042183
34.041639
29.758292
32.585878
33.102704
27.090935
26.349627
27.615391
27.989939
26.732784
27.426963
25.998714
23.936483
27.770557
25.386202
24.443666
23.450553
20.952433
18.092902
23.120107
24.281786
23.083070
19.018722
23.745207
23.065444
22.217330
22.323471
18.514721
24.728045
20.435979
20.463044
24.488386
20.605366
26.952693
25.090701
26.176350
27.501297
31.067983
25.887585
28.280350
29.428178
27.640644
30.488867
31.431009