50
4
40.000000 40.000000
51.378041
56.954838
49.165489
47.178098
49.617546
48.698046
45.048436
44.709525
43.652758
38.986105
41.265161
42.462131
37.321295
38.428026
38.853428
36.476555
34.651017
37.572343
33.303141
31.788329
27.246345
27.783905
28.886580
27.634269
22.365383
26.303349
22.756658
22.007127
19.317368
19.591308
20.270825
17.384155
17.107726
18.145350
13.814924
15.033044
16.539934
11.755742
10.707188
12.429350
5.947475
8.508278
8.026820
9.312935
8.052813
8.067746
5.051044
10.476110
4.723071
8.795170