50
4
-30.000000 -30.000000
41.606441
44.814504
48.887376
51.105616
51.442688
50.801968
55.057802
52.686165
52.800950
52.997374
58.248965
55.131413
64.044442
61.471271
58.753461
63.856552
63.334326
64.480644
64.803018
66.754666
67.381168
69.743568
71.883716
72.156280
68.173953
74.389821
77.628042
74.387393
76.081676
79.773869
76.123093
82.585310
79.762482
86.362629
83.511569
85.803422
87.448464
89.676709
93.665599
88.885322
87.788001
92.197555
93.631680
97.845935
100.898571
97.291244
97.020583
103.919864
102.939330
98.813816