50
4
75.000000 75.000000
99.218455
100.030883
98.267775
102.510850
97.719121
98.134515
95.550045
94.817997
91.176254
90.258243
92.381266
90.059650
89.432324
85.540347
84.915634
84.296449
84.420697
84.102688
79.117240
83.564853
83.064040
79.949215
74.560082
74.774237
72.866889
72.930334
76.171828
72.815037
68.663931
70.528124
70.824592
66.701650
64.477170
62.131696
66.432463
69.347230
59.544647
63.544848
59.927872
61.994762
56.556443
56.148429
56.107654
58.954873
52.015932
55.377602
51.508544
45.984932
53.338794
46.390704