50
4
5.000000 40.000000
42.072215
40.652562
34.590093
35.852559
37.528042
33.518308
34.920797
31.392917
32.367794
32.225327
31.764491
29.953401
27.709892
26.970793
26.536736
26.267527
25.267025
24.610109
24.998542
23.403705
24.630864
21.774576
22.962346
23.086835
23.430846
20.359108
19.492734
26.138857
22.417062
17.857181
20.748564
19.316795
21.926452
19.934849
22.462428
27.851405
21.082919
20.211895
22.088358
19.969252
24.308480
26.273945
26.220974
29.170932
31.166793
31.029970
27.927371
28.343948
31.964184
37.162721