50
4
-30.000000 -30.000000
44.312140
44.919854
46.520328
44.185470
47.727522
50.437711
50.888743
55.576725
53.813424
55.791581
57.089113
57.787379
61.760833
62.198253
63.117710
63.060802
60.860577
62.737493
68.906512
66.257896
69.184595
68.910829
70.887611
73.805285
72.632443
77.965570
72.732287
76.781230
78.364330
77.292870
81.094701
82.524104
82.398553
80.660307
85.658313
87.696370
87.504624
88.538610
90.028778
87.433697
93.441787
93.699876
96.352266
95.781825
97.027252
95.768740
96.870919
99.363229
96.617521
104.499473