50
4
40.000000 5.000000
36.786274
37.096568
30.502836
35.338854
27.662447
33.372328
35.997555
33.747338
28.063827
33.330145
28.277824
29.271214
26.580986
30.520154
25.504704
29.307508
26.587838
29.251592
25.050999
25.871796
28.629550
29.149972
26.137757
25.807057
25.961784
25.893019
23.270656
30.038508
31.393205
31.364421
28.436370
28.164734
32.910705
30.128251
31.890182
32.290021
31.451396
34.652222
36.556540
37.053673
37.972405
37.286854
40.852156
40.911072
38.425137
40.075196
40.178424
44.097381
39.438853
40.432632