50
4
5.000000 5.000000
2.881722
3.074578
4.869085
1.993815
2.951172
3.949842
1.265894
8.656087
3.962363
6.795314
8.313417
13.051296
14.429577
11.050807
10.461931
16.651761
18.102905
11.740102
18.330278
20.012187
16.759376
22.187076
22.686006
19.961495
23.381369
23.662147
26.428724
30.977801
29.511068
31.367881
33.123235
30.233104
32.487185
33.546525
37.339205
39.911262
40.682694
40.977966
42.731377
37.622131
42.827701
44.805201
44.214445
48.975803
48.883145
47.356513
49.296214
50.509469
50.967554
53.663943