50
4
40.000000 5.000000
36.012923
34.767254
37.995214
35.677967
32.343431
30.869656
30.759106
34.473329
26.158865
29.256077
26.374399
31.286451
27.754901
28.774183
32.751450
27.790266
25.294097
28.483335
32.240388
25.958800
23.305123
27.191454
26.388563
27.301248
28.288024
28.619816
29.801171
26.772137
25.746943
31.284552
30.903995
32.350818
32.804712
32.333238
36.557348
33.258421
32.241852
31.573534
34.624748
33.142083
39.450303
38.271908
36.340256
39.344007
40.636001
40.194438
41.875000
45.328473
40.047003
40.458116