50
4
40.000000 40.000000
51.513563
53.783325
53.326399
52.553852
45.585449
44.773719
44.506244
47.453422
41.258478
37.603384
39.594844
42.834155
38.755067
38.407295
34.781382
35.665154
35.071650
32.856898
30.848661
33.671305
29.754640
30.785002
29.896374
24.617937
25.944110
27.358782
24.780110
23.663393
19.861515
22.657518
17.053368
22.587923
15.984984
16.615529
14.751236
19.350413
12.421355
15.522838
15.545252
7.108260
9.484529
9.468667
11.169919
10.530259
8.985362
7.445599
7.560285
10.344754
8.573040
6.551897