50
4
5.000000 40.000000
38.759865
39.603946
39.882919
37.618107
38.093119
37.954867
32.548760
30.575880
28.725663
31.953482
29.646926
31.423797
26.312349
30.818181
26.501925
26.334789
30.026968
23.758807
28.818131
18.581411
24.400491
24.475578
20.728205
21.964068
24.254269
20.629204
20.546013
22.424474
16.099816
24.366447
18.296798
21.291846
22.096757
20.432543
22.568462
23.496297
21.247622
21.355388
25.112498
21.268504
22.974888
27.167709
26.289535
29.031219
28.374510
27.913430
30.683636
29.117269
29.378615
34.601376