50
4
5.000000 5.000000
1.541131
3.695452
1.551254
4.049142
2.619848
4.367909
6.075944
3.053352
6.189038
7.178177
8.252154
8.702758
11.082651
13.541122
11.842981
14.083549
16.152867
14.270381
18.054291
16.039190
19.486160
24.780068
25.947404
20.640818
25.090198
28.572251
27.189920
26.848410
34.371617
31.788134
29.540535
33.363337
31.769907
32.705197
33.594237
40.716144
38.629217
39.561641
34.887076
40.211362
43.950652
46.043590
44.090430
45.254485
49.540410
51.068368
46.776585
50.947423
46.631335
51.459763