50
4
75.000000 75.000000
105.569767
101.736518
102.394382
96.617806
97.237134
97.929922
97.176138
93.957456
95.307068
90.705210
88.899388
89.454161
90.276409
87.036542
84.032236
86.781528
89.355586
84.135238
79.745672
82.018115
79.914478
80.850033
77.960551
75.938947
73.544696
74.205860
70.403231
71.581692
69.940899
67.642124
68.990793
65.253105
64.589712
67.995732
59.455219
59.823269
62.010852
58.544561
57.389985
58.712882
58.290567
57.250510
53.913635
48.627213
54.467438
51.832495
48.670714
47.485637
50.059421
48.444379