50
4
40.000000 5.000000
35.539606
34.599332
35.606815
35.114933
34.065331
29.953040
32.848847
31.665984
26.801751
29.046438
22.202025
31.447728
31.899153
29.212696
28.752544
28.015139
27.291465
26.782683
28.381114
25.611168
27.735528
26.281672
29.345039
25.738804
27.748137
27.128705
32.031996
28.993565
31.435020
28.073278
33.445278
27.201941
29.001677
30.702654
30.169541
34.912700
31.668210
31.985014
34.294057
35.540938
35.819223
38.191484
33.520630
37.395850
46.724878
41.375209
41.158539
40.343892
44.048966
42.025886