50
4
40.000000 40.000000
53.194098
52.702985
48.416305
48.295645
48.942912
45.521353
48.024741
43.931096
42.321975
45.604740
41.824481
38.635280
39.896837
37.216254
35.262515
35.271961
35.463516
32.518239
32.180096
32.463460
33.383391
28.899380
27.942250
24.879523
25.097590
22.297394
21.515231
24.116015
20.815484
22.349877
18.348019
16.283553
20.004002
18.445743
12.990325
14.917625
15.093399
11.814230
11.394945
9.495954
10.875089
5.430335
4.623608
10.201724
6.769779
7.668707
5.866511
5.271320
9.655448
7.438571