50
4
40.000000 5.000000
40.115975
37.588404
36.441501
35.040719
31.027400
33.111359
28.215116
29.543699
29.000803
32.715936
29.136236
28.634394
27.334870
30.722954
28.690594
25.578898
27.586289
27.012736
27.977382
26.562633
29.391880
27.470824
25.103148
25.561226
29.004091
24.442202
28.906209
31.628769
28.724881
29.373869
32.401896
29.994744
30.888162
28.335901
38.990305
36.103041
33.514696
33.229491
29.665701
36.110252
37.762014
36.833050
37.207379
37.537772
37.206646
35.706477
39.793350
42.449886
43.826824
44.878225