50
4
40.000000 40.000000
52.296759
51.584715
53.069811
50.361488
46.188300
50.593465
44.629417
47.840829
43.051143
38.685064
45.580645
39.229828
37.594104
38.035926
31.907883
32.949926
36.332040
33.231387
30.352100
31.671416
28.319547
29.613239
29.249605
26.020616
27.137408
24.854105
22.578598
22.296597
19.948995
20.206496
20.133512
16.650945
14.487268
13.156416
15.888563
10.404551
12.423000
11.949649
7.423398
8.420498
8.747434
9.636616
6.743217
9.074923
6.261447
7.536009
7.008244
11.711011
8.540037
10.615963