50
4
40.000000 5.000000
35.674495
33.801414
29.371588
33.527925
34.491382
34.599481
28.178092
30.850407
35.031829
25.972114
28.845288
26.347671
25.091353
28.509491
29.647555
25.925566
27.299696
24.964837
29.606206
25.245621
26.998912
29.451028
25.760099
28.951092
26.677601
27.236952
27.817058
27.140873
30.135159
30.652840
30.383588
28.812201
30.779394
31.007861
28.509811
35.101147
37.307894
33.813599
32.982906
34.425543
35.586476
36.865340
36.993508
33.848740
37.428476
40.780569
38.938550
44.655979
44.819264
43.534103