50
4
75.000000 -30.000000
76.450185
77.681874
73.287410
75.352926
75.574691
74.402685
79.600658
72.752788
78.766609
77.111688
72.325690
76.926097
75.059700
73.165787
78.137541
75.638152
74.083101
74.036200
77.447648
72.895853
79.525392
72.354155
78.608025
80.614915
74.809307
74.796713
76.766108
77.316192
81.489848
78.499920
80.307579
81.585155
83.809195
78.714857
80.352695
81.515731
79.648506
79.985921
79.866545
83.352284
80.738887
81.732030
82.947735
84.390050
87.276815
83.190929
84.428735
81.866833
84.396941
91.587168