50
4
5.000000 40.000000
40.464566
41.638447
37.334706
35.729255
34.578437
36.534350
31.563234
30.261627
33.565074
31.091225
30.436926
28.725620
27.409474
31.548923
25.649737
25.802174
26.069641
29.886560
25.682624
26.958297
23.772163
23.017391
22.511239
17.473415
22.667440
24.207471
18.391523
23.949355
20.837781
19.524765
17.584918
20.510539
20.128697
17.897553
20.500025
21.390122
21.876790
23.415105
26.972768
23.115965
27.295913
23.280200
28.146431
26.863123
29.319043
29.040731
27.589312
27.507353
29.449782
31.136058