50
4
40.000000 5.000000
38.527288
35.330250
31.454007
35.478579
31.229413
31.123896
34.476234
35.365730
31.252884
33.640764
27.374052
28.470134
30.017595
25.650025
21.452042
27.820085
29.056791
27.310837
29.135851
29.852489
26.451603
29.836021
27.779930
27.495036
28.991205
28.044417
26.726686
27.372699
26.744830
28.796295
29.777768
29.300365
30.763443
29.753018
29.298942
31.169520
31.902877
34.943842
32.813452
34.762473
33.061838
40.851603
38.366214
38.435082
38.250781
39.693977
39.075690
44.142127
44.788050
44.214842