50
4
40.000000 40.000000
52.560936
48.092974
51.115216
48.290971
48.669966
47.742227
45.364419
42.606817
44.534335
43.558062
42.536942
36.974353
37.526080
35.834637
37.444833
36.392119
37.111066
35.011116
32.828508
29.367745
28.730754
26.636728
29.290922
26.434854
24.716986
28.155521
22.347431
21.189081
22.538636
16.837699
15.750334
21.054749
23.164794
14.768531
15.592770
11.288333
15.708236
14.085367
10.177957
8.926238
8.545115
9.573584
10.437825
8.426085
9.091127
6.042046
5.359072
9.467396
6.869350
10.734548