50
4
40.000000 40.000000
52.776897
51.470331
52.058764
46.268662
52.326410
49.032626
46.250167
42.419160
44.033438
44.968023
44.229631
41.768217
38.146939
38.042625
41.792652
37.632336
34.903556
30.720128
27.898281
30.852604
29.970748
25.555624
27.758657
26.535900
27.912020
23.664747
20.057916
21.070453
23.951562
17.993732
20.468035
17.486184
17.494028
14.011493
12.418496
19.036850
14.585713
11.566997
15.133861
9.374408
10.007618
8.730395
8.077525
10.520373
8.538398
10.521868
8.743043
11.523438
5.077244
8.088442