50
4
-30.000000 -30.000000
45.257551
44.109158
49.723771
47.901694
53.923695
56.238089
50.768864
55.688297
54.583212
60.568111
63.239214
58.595733
64.722522
59.423758
61.992772
64.794347
62.065106
63.340678
65.882771
68.866714
69.735479
73.228199
69.367360
71.881018
73.753315
73.850504
71.481160
78.675221
81.390316
77.985238
81.934718
84.370534
83.810162
84.521980
86.357557
88.719269
85.355708
87.413773
86.598304
87.225436
93.054616
91.913387
96.373969
93.218552
98.876030
97.855718
102.372254
102.937641
102.039045
100.103124