50
4
5.000000 5.000000
4.994451
6.694484
1.149162
1.070360
3.195242
2.409646
3.111359
8.301583
4.007075
3.523440
4.074977
8.233165
12.898698
10.680491
13.253083
13.307266
17.173459
16.038477
15.504345
14.322738
16.727542
22.951282
27.369762
19.750438
23.472694
24.032919
28.338363
26.749956
30.681390
31.538525
32.372832
28.666568
32.697006
30.684933
35.731589
39.908923
34.295004
40.483267
37.809171
42.250478
40.740151
43.521721
44.869038
49.265226
47.073156
49.020616
52.182079
52.939631
49.393347
52.330086