50
4
-30.000000 -30.000000
49.028964
46.253874
45.100100
48.471721
48.569640
50.573304
54.725166
56.085769
52.608931
59.413160
57.003739
60.919917
58.707641
61.880675
57.334643
61.168769
62.674164
66.972876
66.918070
67.669534
67.677497
68.562590
72.660732
72.637535
72.048085
71.576497
78.003135
73.700942
80.630373
79.625856
77.537447
82.479741
84.875546
81.199312
84.473708
87.226935
88.670968
88.606510
88.748929
92.909218
90.132121
93.030277
92.077970
92.176728
94.681626
98.657274
100.401733
98.670288
103.835319
100.152329