50
4
-30.000000 75.000000
84.692600
77.913465
84.269279
78.988641
78.167877
80.644935
75.685161
77.361194
81.310597
75.253705
74.419427
78.463506
71.500236
74.453719
73.051875
76.701156
72.031254
73.685118
72.710268
69.809469
74.048115
75.672870
70.698417
70.832579
68.981820
69.394304
71.567032
66.875645
70.911443
63.461254
67.764987
69.887286
68.657617
70.883292
71.326018
68.745346
68.512695
66.111659
65.297953
70.108697
68.746118
71.408635
70.284924
71.262773
68.944276
69.356292
70.512776
76.173462
68.761481
70.490515