50
4
75.000000 -30.000000
77.382943
75.312711
71.675227
77.591303
75.071518
78.385947
76.475524
77.954652
77.072726
74.595922
75.869737
73.634036
79.013710
76.700724
73.886243
75.568919
76.126818
78.765003
77.381587
77.023876
72.844969
74.743807
76.792264
77.149111
78.850190
75.838759
77.835123
76.671236
79.568792
79.217010
76.361484
79.516964
82.139542
79.071331
78.959421
89.984484
83.624555
85.033108
76.430466
81.506291
82.277660
80.072507
81.882307
91.161927
85.642235
86.622938
81.374714
85.719973
87.655587
85.189586