50
4
40.000000 40.000000
53.067687
55.285324
54.823629
49.528451
46.428623
44.871128
46.308921
46.099157
41.491313
41.403747
42.696538
42.792084
40.562281
39.346575
36.213131
34.373438
34.164648
33.226431
35.474203
33.421076
30.970284
26.705089
30.149668
23.462019
22.189087
23.366709
23.918865
21.055776
21.143901
17.803318
20.093551
17.506537
19.510044
15.558483
17.957439
21.217493
13.369492
14.002176
13.989764
10.888305
9.423760
6.206932
9.667086
7.768832
10.327483
9.788685
5.790890
9.121784
10.496117
11.095586