50
4
40.000000 40.000000
53.540405
49.192884
56.629579
52.346229
45.342665
45.314594
42.809679
48.342316
45.780353
42.764728
45.200300
40.571237
36.877287
42.431002
36.279251
33.262315
33.238702
35.707976
33.569227
31.479705
26.745857
29.411671
24.206232
23.035740
28.573341
25.489115
22.022794
25.468793
23.968099
21.982760
21.849722
21.034746
18.488830
18.639797
16.015635
19.954566
11.531082
11.311837
10.370587
7.959671
8.745915
8.501894
8.972513
8.616214
6.469860
10.052987
6.796891
5.126151
7.400921
11.526812