50
4
40.000000 5.000000
33.272150
32.892959
34.454019
31.110464
36.645226
35.811597
30.585539
35.990703
30.086973
32.767892
28.717907
27.334848
30.152764
31.020290
28.233883
24.720732
24.812399
23.919051
27.307084
25.701096
24.385598
25.887717
29.544635
27.184150
26.757561
29.898422
30.026949
28.650464
27.739605
29.338064
30.904069
31.497233
31.676854
30.764009
32.575317
33.393266
35.026099
35.426817
33.995099
34.640116
36.847370
37.422668
39.712652
34.941490
38.653848
41.127248
41.642335
37.691066
42.987002
42.852510