50
4
-30.000000 75.000000
78.924459
86.965012
83.538149
77.150664
80.444660
76.595340
78.998564
77.916674
76.229990
75.790916
74.241814
76.671205
72.582334
74.832668
72.733782
74.441256
74.858751
77.526834
75.046949
74.532616
68.851919
72.127870
70.115176
73.753938
72.941990
72.178000
67.787205
70.496012
74.679420
71.796244
65.318906
73.627863
68.327861
67.289248
68.269450
68.849305
71.185023
70.052951
67.112343
69.978611
68.097797
67.685773
71.186266
64.452047
65.990022
65.105998
74.912583
73.112873
71.268011
71.038340