50
4
5.000000 40.000000
39.975246
38.249490
37.851661
36.693356
37.514511
34.462900
30.653938
31.814172
31.708967
30.160133
29.900497
28.655503
29.013190
27.738262
26.423920
29.869035
26.850369
29.315178
26.091011
25.384757
22.698716
23.751125
25.882613
19.128731
18.921817
25.773315
21.262815
23.133272
19.752785
19.768599
17.703909
17.364732
20.232357
22.973644
24.258366
22.979343
25.547879
21.859400
26.762215
22.504789
22.492120
25.247294
24.870810
29.259874
29.427393
27.749105
34.520024
27.700895
31.371645
29.818665