50
4
75.000000 -30.000000
77.035928
78.891487
74.831684
74.496830
76.115776
80.119619
78.358423
74.584375
76.735074
74.430955
74.304773
73.301241
71.657220
79.404748
71.305084
72.411696
75.454880
75.623014
77.679375
73.953439
77.649706
73.876555
78.609036
76.382594
81.406929
76.896044
79.750666
78.900630
77.007209
76.232207
79.052240
79.245586
81.594212
81.166907
80.784980
80.374059
81.133425
78.920506
81.249620
81.906742
85.739582
81.623672
85.827105
85.193510
87.197749
84.540738
91.793531
86.639770
80.528679
87.232351