50
4
5.000000 40.000000
42.546872
41.339862
38.113770
38.135124
36.261507
31.837186
32.932162
35.984214
32.877612
30.148266
33.895484
26.525711
29.578368
31.368114
28.827484
28.008963
27.052104
22.150288
22.330789
23.969923
24.883227
19.401153
23.335046
18.996380
20.295933
21.025276
24.911644
24.501375
22.954976
19.258146
22.962245
19.698027
23.873923
19.517896
21.583711
21.236018
22.694554
20.541866
20.250183
23.201146
24.786650
23.787657
24.295373
24.290497
27.597094
30.149372
31.676704
32.583241
32.990082
28.563030