50
4
5.000000 40.000000
40.240553
39.523295
41.303316
35.284848
39.058541
34.636904
37.129174
30.676069
30.243872
28.986246
31.493228
25.367930
24.651699
27.771448
27.868913
24.085670
24.328015
23.317256
18.710110
24.298722
21.150602
23.037645
25.303712
20.874906
20.406755
23.550096
24.362105
20.727873
22.152211
15.344669
20.873105
20.027119
22.224656
19.263005
22.697456
22.866880
21.754557
21.951516
26.524567
22.796280
25.977728
27.774356
23.124939
29.738620
27.219582
28.711751
25.413067
31.516041
31.292675
33.165118