50
4
40.000000 5.000000
36.175569
37.874610
35.583507
36.896799
33.019527
31.528729
33.154005
33.605726
28.355138
29.576569
27.376064
30.187789
25.701306
27.598850
28.731844
30.892139
28.359552
28.296141
27.664369
30.573277
25.568316
28.864708
29.699010
28.832610
25.715135
28.534762
29.040512
31.937344
29.091507
29.298210
29.099756
23.833187
28.977475
30.051613
32.633241
33.954467
33.827674
37.475239
35.473111
38.686137
32.155622
37.916864
39.785207
39.885644
40.845571
39.959268
37.892840
40.260148
43.407288
39.956352