50
4
-30.000000 75.000000
82.425180
82.522811
81.055254
82.239906
82.616754
80.961616
83.051783
78.720014
78.535888
77.818188
79.872822
74.003643
76.374926
75.335217
76.790412
76.832423
72.126091
73.679581
74.469503
74.571222
74.932947
70.417150
71.689549
70.575755
68.212136
70.504888
68.414406
70.602210
71.565951
65.054853
69.507919
66.441679
66.663099
70.251487
67.279925
68.456621
65.908386
70.446134
68.491210
71.069056
66.540578
65.419468
68.834728
67.815106
69.168698
68.077570
69.435216
73.021031
72.709815
75.997441