50
4
75.000000 -30.000000
80.442652
71.466233
79.176352
76.510912
74.949590
77.427593
76.315550
70.873087
72.311941
74.127320
76.167380
78.594612
73.487634
77.569249
72.045627
77.643800
76.330133
75.579156
78.460741
72.002915
78.506528
78.243835
79.555298
78.379156
80.077474
75.779653
78.396772
76.706039
79.727103
80.088299
82.886505
80.561606
80.769953
79.989662
80.622492
82.404455
82.098537
84.522904
80.120967
79.030529
82.438980
80.010029
79.359072
88.773770
82.418972
88.923388
86.422412
87.597750
87.323522
88.075892