50
4
-30.000000 -30.000000
43.906587
42.669475
46.800359
50.355128
53.632753
50.895506
53.102259
52.313626
57.714772
54.022392
59.748269
58.876574
59.501091
60.123618
61.511997
64.323688
62.636704
69.090096
67.899133
66.370362
67.152679
70.806444
72.559527
69.607704
73.061578
73.207701
76.328311
77.535537
76.601596
83.118983
79.909696
82.388198
84.029754
85.191520
82.511320
89.164458
85.283303
87.769511
88.118351
93.997718
85.415208
95.209319
91.795029
94.116340
95.972687
103.149828
96.658684
100.288987
102.405460
101.025769