50
4
-30.000000 -30.000000
46.026673
42.180548
49.351212
48.313069
50.427302
52.141958
53.076897
53.841105
50.265674
55.512697
54.304631
55.885739
63.455287
61.717289
60.487911
69.683589
61.571169
65.328683
67.828315
65.626801
67.525184
66.944457
69.470040
75.676691
73.795398
68.279152
74.886675
78.866573
80.178848
79.410394
80.687135
79.342174
84.096366
83.677790
81.930348
87.059520
85.371214
89.553357
87.774519
91.737125
92.534816
91.749958
93.638340
92.498641
94.563702
96.632725
99.268099
101.965052
102.800201
98.276946