50
4
75.000000 -30.000000
75.881892
79.935915
71.934051
74.964650
75.826174
77.269009
76.235784
75.337644
76.405581
75.951014
73.943963
72.576222
76.196991
76.326462
72.783631
76.567244
78.824398
75.493075
74.693347
72.673082
75.286642
77.520379
75.601058
80.738215
78.053432
76.047356
75.624947
78.420335
80.494889
82.282477
81.174309
83.507214
78.888009
80.954275
79.997364
83.755186
82.459480
83.485592
81.924704
87.692137
82.022002
81.362943
83.902072
84.995846
86.564011
84.631047
82.732687
86.392816
87.746859
90.200318