50
4
75.000000 -30.000000
81.183092
70.905273
76.156858
73.892211
74.318134
79.080003
73.554300
75.736670
72.822218
77.326947
75.716090
76.191311
75.316926
74.246961
75.735701
73.732167
76.058590
78.451235
74.164355
78.652676
76.881350
75.059355
77.898408
79.922136
74.992736
77.773477
75.638575
75.487634
81.122996
78.222706
84.518291
80.405631
75.784972
82.100422
81.136271
80.661590
80.210137
82.887220
85.448513
82.445399
82.659738
87.210162
84.759469
86.907985
85.250884
84.697992
89.341747
80.766857
87.296484
83.518410