50
4
75.000000 75.000000
101.832912
102.785168
98.331847
99.373016
99.323579
95.945726
93.467458
91.372454
92.576281
91.403873
90.605843
91.253821
90.672120
90.467273
86.074570
86.662732
83.246704
85.089422
82.458876
83.909605
81.669031
77.788448
76.848401
74.684363
80.378520
69.599796
72.864899
67.438790
76.261187
71.827202
66.406760
68.444341
67.381911
63.836649
64.131887
61.618081
58.552794
62.292735
58.376304
56.934338
55.564764
56.118455
54.868271
53.490426
53.750080
49.622487
50.984203
49.653694
47.934172
48.801493