50
4
75.000000 75.000000
102.076021
99.472890
102.969621
98.849153
95.884707
96.968683
100.375830
96.150617
97.281742
92.660070
93.112314
88.713124
90.290370
85.019639
86.304992
84.295401
86.706294
79.909367
80.267782
78.957830
78.627318
82.364535
78.541556
74.450258
73.295469
74.682538
72.741455
72.496744
67.372760
67.661381
65.913707
66.469916
65.928562
67.425786
65.423959
62.870604
59.518332
60.462903
57.779636
61.341133
58.004432
56.595810
51.174724
51.380763
51.522987
52.598144
51.770629
49.721307
43.229259
48.823215