50
4
40.000000 5.000000
38.934622
32.451473
35.455229
38.836365
28.883806
32.387405
32.357565
31.272711
32.059420
30.249187
30.356703
28.353953
27.227566
28.295500
27.999007
27.772886
25.334977
31.006740
24.090363
24.440512
22.501921
25.435817
21.334773
28.453301
30.899077
26.569984
28.404050
26.666449
24.335496
32.104054
23.906575
29.866425
29.984707
27.543380
29.337388
34.802593
32.580102
35.357316
33.223694
33.862516
32.731759
36.739827
36.313645
38.771498
37.050508
44.931536
37.151200
36.719393
39.905231
47.636631