50
4
-30.000000 -30.000000
47.014819
46.241975
48.630197
48.774486
51.055073
51.248213
50.494381
51.309210
55.980660
53.339894
56.139955
59.031072
57.044318
63.823807
61.447199
63.465344
67.041641
64.674124
66.575217
67.982566
71.565436
72.405406
73.605749
68.356041
72.854995
73.704706
76.004353
73.878974
75.095245
82.184005
81.663097
85.363466
84.486716
83.407332
86.773829
85.213166
86.329659
85.659440
89.322514
91.245597
90.831038
94.887590
93.555409
95.819880
96.085264
102.383015
98.538049
101.678932
98.002745
104.887044