50
4
75.000000 -30.000000
74.410434
75.427575
75.964080
77.168327
77.127148
73.985506
73.127647
73.037375
74.946702
73.357888
75.270332
74.340427
77.042898
75.724123
76.440270
78.305972
75.540449
74.555049
78.477636
76.181660
73.323647
77.830051
76.974148
78.151655
76.312801
77.748076
75.195364
80.131255
74.142602
80.420563
80.394214
81.156179
78.049306
81.799498
83.315870
79.527781
81.028833
76.623984
86.114377
85.149294
83.796240
80.512288
85.047270
88.890814
87.425512
86.431418
83.956267
90.482459
88.088012
85.362381