50
4
5.000000 5.000000
5.127779
4.189652
2.370380
3.943549
1.689341
1.963061
1.062020
4.987094
7.317663
6.021739
7.991032
11.729396
10.803668
11.665203
16.393450
18.223746
15.804753
15.414345
14.881059
13.853105
17.108159
20.872313
22.822428
21.849184
27.119809
27.077304
23.431507
27.329194
28.597622
30.364187
29.151533
33.591725
33.439535
32.831303
35.005776
35.651339
34.774410
37.175619
42.439536
43.285120
44.915008
45.254260
47.266588
48.089382
45.444059
47.392487
48.357671
45.168967
55.485158
57.088364