50
4
40.000000 5.000000
39.209506
35.885142
34.722532
29.718848
36.672715
30.936021
32.043930
31.741057
29.632230
25.471349
31.668176
26.762639
28.531241
27.548075
30.350844
25.477390
28.557195
25.855096
27.917539
29.113500
28.416544
28.195133
28.092326
30.483270
28.502097
31.019518
25.119847
29.929642
31.464635
29.979747
31.355649
30.096606
34.344437
31.524818
28.914661
31.751696
31.395428
33.344205
31.234705
35.644000
37.180511
37.120538
41.759494
37.011389
40.820078
40.997924
41.687365
42.074640
38.624617
43.239226