50
4
-30.000000 -30.000000
45.396589
49.045670
47.258190
52.190120
46.408505
50.933575
51.687574
56.433853
55.995151
58.470608
61.326240
59.508115
62.717192
56.044799
61.843128
64.576121
64.364245
65.526475
66.434871
65.084267
69.933000
69.836747
74.975348
71.345407
73.648608
78.592782
78.157948
74.077659
78.089943
79.105801
78.537121
81.849717
79.180850
85.280443
83.834973
87.710908
86.021219
85.896333
92.044118
91.360179
94.368986
97.611131
92.390560
93.380681
93.773281
99.518696
99.855121
100.155997
95.855493
98.041190