50
4
-30.000000 -30.000000
43.911249
49.406869
49.236813
54.685199
48.545307
53.602136
51.152388
57.419103
49.853677
58.681613
55.697574
58.251875
61.017614
60.345426
63.711178
59.942198
61.941103
70.898599
64.972891
70.697755
66.774141
72.453061
72.332026
71.064350
72.804457
71.483181
74.762321
75.074622
77.422500
79.450102
81.436330
82.450509
86.426773
85.034690
81.880918
82.841884
90.296662
90.625938
88.749505
90.735328
92.673038
97.979832
91.833015
93.397011
91.947732
97.303945
96.676528
98.414695
98.355807
100.961565