50
4
75.000000 -30.000000
74.606174
73.480597
77.395614
76.407351
74.699073
75.374322
80.922364
74.990230
75.340730
74.128383
74.636093
77.025795
73.856592
75.876560
72.534656
75.561234
78.495567
75.702912
74.786210
71.628189
76.829428
80.792997
75.745650
75.198876
77.081191
74.359546
76.492048
80.023079
77.153835
80.042805
77.882814
81.416669
78.719089
80.463328
81.976648
78.733567
79.382650
81.196203
79.881246
80.186903
81.053734
89.571870
85.355275
82.778338
85.497216
86.472122
86.152497
86.602250
86.577922
88.103539