50
4
-30.000000 -30.000000
45.161173
44.335004
48.779799
45.962652
52.757785
54.121284
51.546016
53.382768
57.205187
53.550609
53.028614
62.122854
60.000919
61.161232
57.178464
62.165841
63.313289
64.938746
65.673446
69.863846
71.715889
65.916443
71.918290
70.839591
76.982970
73.306883
74.725825
76.445403
80.495317
77.319789
79.736686
82.432223
79.353379
83.341861
85.508723
84.367710
85.169733
87.723534
89.787687
96.207537
86.843425
91.423497
90.397852
92.283389
101.696000
101.069990
96.004549
98.122703
101.277310
100.491147