50
4
75.000000 75.000000
106.376639
99.472196
100.671282
102.730861
93.933691
93.335458
91.972275
93.441195
94.442377
96.761522
93.779912
85.308419
90.945392
85.690020
84.158649
86.426617
84.733805
81.950519
78.316347
76.905371
78.636795
75.601833
75.004587
75.603263
77.221219
73.779841
74.146062
68.451450
75.150043
67.689296
69.925954
67.534838
65.114593
68.840614
64.601271
59.866989
57.890711
60.812604
60.715560
59.578643
57.243118
55.235778
54.425891
53.616003
55.023931
53.876208
51.730870
51.214739
46.778010
46.293898