50
4
5.000000 5.000000
7.492544
2.383164
2.927276
4.353463
0.620728
2.777456
1.615140
2.799669
4.093659
5.950025
8.407188
8.958130
7.252822
9.938228
9.195328
14.275817
17.256986
13.739969
19.003385
25.138002
20.322480
18.451393
20.451972
29.305519
25.576724
24.016959
22.806966
27.138387
27.532891
33.235973
32.703032
33.049374
33.114168
31.576510
33.637735
34.442199
35.222636
39.583346
35.607687
41.998669
42.310557
39.969034
45.612820
44.628201
47.982775
46.537947
47.464126
51.880644
51.324471
55.581767