50
4
75.000000 75.000000
101.120291
100.598004
95.003710
97.055919
101.961122
98.192779
94.446869
91.873975
94.028113
95.805635
92.346356
89.535422
87.207317
85.181888
84.195710
89.820084
87.044000
85.423614
81.582255
78.725070
77.412195
77.033359
76.502654
75.100951
79.663538
73.268883
69.990248
70.575638
71.306758
64.970575
72.594609
71.038630
66.598675
65.637141
63.776971
64.223917
59.956862
59.838301
62.116016
55.591728
55.612786
55.865397
53.483542
56.671880
51.057482
55.545181
51.517829
50.817075
48.578435
47.078321