50
4
75.000000 75.000000
101.651100
98.872789
98.769507
98.223916
99.058123
94.534949
95.502940
94.365320
96.427107
96.928817
89.591069
89.590527
91.527863
83.635548
82.814447
84.597402
87.668977
86.466496
83.148614
77.884194
77.117276
78.979601
73.162953
79.304677
77.170198
72.503166
71.492752
71.899346
72.418842
68.802730
63.845086
65.059990
68.775490
64.725632
59.988194
59.929108
58.250304
62.638114
60.300883
53.246131
58.669567
55.705928
53.761838
53.276002
56.929741
50.079717
49.437763
51.925060
50.586547
45.371669