50
4
5.000000 40.000000
34.761266
38.076446
36.786814
34.861937
32.649483
36.886178
36.977146
35.838382
32.528819
32.682918
29.027574
31.986965
30.351345
30.194543
22.451835
27.705447
25.626170
27.402026
24.497085
26.729109
21.615884
20.348784
21.888802
21.827347
21.679212
17.430359
20.910195
22.531976
16.471586
21.914427
22.179709
22.400591
20.750013
22.674062
25.473943
22.944685
24.038813
21.051912
23.523423
24.544968
24.050543
25.169146
25.301748
25.222818
27.860828
30.791223
27.213427
28.380020
32.446422
33.404119