50
4
-30.000000 75.000000
82.300291
81.082571
83.880214
83.371893
77.428577
78.486066
77.921467
77.733969
76.326910
73.440709
78.586054
71.869517
75.991930
73.579224
76.397981
77.099958
72.230647
77.462173
71.203137
73.092251
72.146351
71.170545
72.721122
72.574338
72.747706
70.144610
70.811177
69.290432
70.755734
65.968912
70.743205
70.601947
67.887638
70.160822
69.137735
71.742007
70.911714
70.058074
70.630687
71.459780
67.963473
65.354248
69.921228
70.406260
71.357904
69.050347
68.802213
71.094469
72.318460
66.194446