50
4
-30.000000 -30.000000
47.311479
48.419525
47.647965
47.993972
48.959873
50.654233
49.539912
55.564676
50.311274
57.237856
55.871161
63.216697
59.828227
64.708543
61.675621
63.619943
59.985804
62.920693
68.664222
66.156975
65.746837
70.410737
71.069792
72.189518
73.107548
71.526540
77.029916
77.854560
79.414022
77.774698
80.315467
79.631371
85.914385
84.274568
78.013584
87.597400
90.683842
89.736080
92.890349
92.039793
92.093068
96.251751
92.551456
95.797932
96.767063
97.431894
91.329510
100.992043
102.848223
105.013499