50
4
5.000000 5.000000
2.366265
4.488900
5.685285
-0.770666
1.645706
1.385614
5.578692
1.867782
5.060298
6.546700
6.103631
7.429126
13.590791
8.159424
12.499516
10.175322
11.353310
18.267362
17.377658
20.230504
20.093040
22.517483
23.279449
23.206677
26.988831
25.463222
30.560120
28.414162
27.488931
29.259350
34.014068
31.054835
35.341607
34.535905
32.865960
37.810490
38.945180
37.546257
41.329425
42.996940
41.401506
41.816717
46.829520
43.769031
46.543793
44.589420
49.536117
50.675469
52.913247
53.147735