50
4
75.000000 75.000000
106.338915
99.546640
100.145661
100.677040
98.025190
99.953755
96.829720
100.155259
95.620986
92.602322
89.040740
92.432723
90.614230
84.870496
88.471022
89.508739
84.146197
86.291490
82.654168
79.500191
81.563699
79.574295
80.382181
79.410224
73.708871
71.854361
75.216222
67.440467
71.170797
70.667352
69.800062
67.176582
62.797454
63.580874
63.740634
66.080391
60.868122
63.439378
58.269635
56.655554
53.632299
57.846044
53.584277
52.529933
53.079540
51.526943
49.504898
51.229186
47.047837
44.250594