50
4
5.000000 5.000000
7.161100
4.176358
1.680697
1.583111
0.961413
4.046538
3.116405
5.669139
8.815437
6.230695
10.024105
9.338048
8.778850
14.076769
10.927378
16.883643
16.496409
16.056063
20.063270
15.718094
22.562928
19.458676
26.086760
24.585066
19.973501
27.618813
30.788226
24.952242
28.681699
31.985463
28.110095
35.608240
34.606221
36.010247
39.684345
37.112319
33.086120
37.165821
43.254593
41.806903
46.393531
42.109795
45.162384
46.711712
44.887228
49.063702
49.447241
49.852915
52.090421
50.539085