50
4
75.000000 -30.000000
77.146927
79.438135
75.443109
76.442941
78.041525
74.726272
78.390869
74.374085
79.845846
71.828358
76.441403
73.442855
75.576589
76.929335
72.412073
73.874843
75.645010
81.125656
79.750671
73.372608
77.173769
74.676465
78.952162
74.855054
75.712465
77.143176
81.138092
80.172426
78.539554
79.874386
81.074703
78.912273
79.387648
75.627206
82.871810
80.240434
79.410455
85.099717
86.855388
83.215895
84.800094
86.053429
83.583378
83.251517
87.450765
86.675873
83.795575
85.465059
89.585344
86.653552