50
4
75.000000 75.000000
101.442427
101.896677
104.837589
101.938963
100.332682
97.976026
94.401015
90.832610
92.788794
95.474556
88.434506
86.429113
87.712979
88.417841
88.150149
87.590930
85.247335
86.613918
78.829550
82.791078
78.273652
81.080960
75.905625
81.635273
77.874613
75.072658
74.528947
72.039800
75.389358
71.514456
67.052704
67.013056
66.365915
63.319235
64.494815
64.862413
61.691027
60.640424
59.099373
55.746163
55.492509
53.037442
56.273653
56.608004
52.393960
53.037564
50.165567
48.312606
47.026437
47.264160