50
4
75.000000 75.000000
100.430773
103.978325
101.212011
102.395630
99.582359
98.939597
97.429438
96.986785
90.210572
89.290609
91.605165
89.263394
89.735227
84.796982
86.522629
84.535556
83.255640
85.091966
83.980165
81.526856
85.494774
82.606962
75.411751
74.706252
75.095367
73.233733
70.816164
70.298822
72.985441
68.563046
65.236037
70.798152
67.491874
66.642192
61.491084
62.064148
60.951550
59.409507
58.283623
56.359382
54.071733
50.513368
52.142452
53.366051
52.468982
52.908980
47.546456
51.505312
46.075801
48.370923