50
4
5.000000 5.000000
10.355813
4.390662
4.697800
-0.341055
3.497920
1.237527
0.534748
3.771057
6.687182
10.870822
3.825724
11.353978
9.102982
13.144307
14.876809
13.497148
15.339346
18.848471
15.686087
20.847294
17.197183
22.650739
21.377477
23.746223
22.114220
25.209942
24.658392
23.884153
27.635750
36.116845
35.559928
29.317636
35.345785
37.605228
36.033892
30.079910
37.634633
40.705263
42.322048
44.529078
43.505478
40.190214
43.735056
46.086847
48.066777
46.386782
53.311446
48.874583
53.547067
56.756378