50
4
-30.000000 -30.000000
44.755370
44.994243
50.568811
54.594246
49.866402
51.955253
51.476925
56.602024
55.990565
55.327803
55.821087
60.220105
60.226404
62.536667
62.193382
67.389313
66.006603
64.882939
68.815568
70.432640
73.284154
71.193927
70.139430
73.660917
73.298213
78.507899
73.469556
78.116095
77.968702
78.979786
81.081210
80.636757
81.417366
80.571471
82.553101
85.853316
88.619888
85.891726
89.383961
94.168541
95.558572
92.872353
96.551716
93.167049
96.173157
99.111544
96.999788
99.779402
100.162061
101.717028