50
4
5.000000 5.000000
5.408447
1.207906
9.715030
5.338994
2.595321
5.247002
-0.438207
4.227295
8.908904
9.823273
10.194566
8.754746
7.939197
10.972102
10.220796
14.665530
12.338063
15.077239
15.963970
22.492620
20.185151
20.333886
23.649327
22.512050
22.025031
23.677314
25.721650
27.812313
27.195470
32.894876
31.305167
32.930690
31.222626
35.383307
35.229485
32.475802
37.086290
35.864860
36.988931
43.602814
43.662953
42.413732
44.697321
46.930320
47.028880
46.341424
53.446167
49.909626
52.469517
51.402562