50
4
5.000000 5.000000
6.833802
3.694526
2.043143
3.058381
1.502967
4.929170
-0.479598
3.031325
5.701072
4.126818
5.433034
13.911760
11.577782
8.125432
8.670903
15.500404
13.196334
17.102176
14.703020
17.740058
20.698896
18.371295
25.734082
23.957011
21.294959
31.150595
30.502911
22.472036
26.936107
31.386649
30.562570
30.956761
34.994017
33.998596
37.025238
38.697270
38.645291
44.253154
37.317515
38.824716
44.222706
46.703009
43.173386
44.963170
45.502010
43.555461
47.209997
56.702207
55.062978
52.910782