50
4
5.000000 40.000000
39.140578
42.542359
39.924010
36.214424
32.976555
33.222419
35.967164
30.119509
32.549334
30.433875
31.608920
30.311927
32.152705
27.695263
27.535021
23.352236
25.516303
24.633818
22.734920
21.762547
22.595777
21.970531
22.929281
22.350055
23.947397
20.810882
19.376343
19.392569
22.834365
24.081166
19.811855
18.130856
24.320213
23.049356
22.744296
19.155613
20.655288
17.895249
26.083292
22.892844
23.821649
24.696946
30.086867
27.687412
24.418401
29.301996
31.587307
30.271572
26.862627
29.068392