50
4
-30.000000 75.000000
81.325082
79.002235
81.217809
83.616445
76.634561
80.767937
81.453902
78.084012
76.872938
78.206132
79.913157
75.949954
78.353284
75.026644
73.187472
78.733984
71.625457
70.398137
76.729379
76.361634
70.604861
70.974575
71.775597
73.292763
69.415423
70.053035
68.743052
69.045352
70.732798
74.321739
68.792626
69.720998
70.152224
69.177726
71.130544
69.105235
71.256262
70.104708
67.419844
72.327802
67.915947
72.995587
71.239955
73.159519
68.618109
73.443207
70.712991
75.654894
71.742637
69.174529