50
4
-30.000000 -30.000000
44.919001
42.259865
46.302867
50.393981
48.213182
49.327936
54.808528
54.859104
56.805293
59.620389
60.315406
59.230740
59.618998
62.974263
63.934056
64.708983
67.334429
70.894079
68.613434
68.626961
66.998001
73.411336
72.353413
68.584709
72.663568
72.772881
79.765526
75.377414
76.197989
80.148710
81.125341
83.174181
80.296443
85.187621
81.575281
85.396201
88.576224
87.862150
83.092062
93.233407
90.285609
88.628382
96.612586
92.656563
98.029862
95.286401
96.039683
98.732190
102.009963
104.282450