50
4
40.000000 5.000000
32.781141
37.319692
34.311454
31.215069
36.530304
32.509160
34.417528
31.474694
29.899391
28.926741
28.457839
24.620731
29.144246
29.400587
26.504489
31.692711
28.317162
28.994728
24.947522
31.014998
24.922084
27.807037
22.695877
24.206946
26.695625
27.396629
26.489062
33.540001
28.609763
30.794370
28.581207
31.377501
28.373441
33.957439
31.877140
30.373691
33.829476
33.907112
36.046889
38.481854
36.432646
37.265889
38.163552
35.614688
39.196620
39.213219
41.404605
40.703782
41.606623
41.812272