50
4
40.000000 5.000000
37.261259
32.331100
39.330842
33.510627
31.123583
30.269475
30.221656
31.476117
33.849095
24.881691
29.354432
29.196248
33.530076
26.926932
29.268824
25.401624
27.394985
26.682700
26.857634
25.686093
27.236333
25.878004
27.231270
26.813273
30.212740
27.263337
30.210633
30.773059
29.496834
32.307392
32.456760
28.492291
30.667109
29.468080
31.338181
29.796791
35.397583
34.806178
38.043940
36.894085
37.689020
35.600580
35.322534
39.588362
40.764027
35.001389
37.772674
43.165230
43.676312
39.175244