50
4
75.000000 75.000000
100.027267
100.724950
99.581090
99.177864
96.014353
97.907608
97.352156
96.822557
93.518244
91.121406
90.053257
88.963847
86.874065
87.398027
88.912822
83.798204
85.849355
82.552322
83.530450
85.326316
77.775449
78.692061
79.917553
77.909834
75.449289
75.368073
68.197320
69.093258
71.462060
73.832984
63.767169
65.626825
61.364604
66.451043
66.775633
59.978520
60.998792
64.460115
59.940959
53.573155
55.545196
61.046186
58.285639
54.559674
49.151074
51.557383
51.393483
48.163318
44.364404
48.533522