50
4
40.000000 40.000000
50.550234
55.644191
51.202242
46.894417
46.635976
49.556749
48.293588
45.069876
49.178326
41.047336
35.313370
41.047135
43.329625
39.740878
36.919280
39.726794
40.040855
32.584373
31.359321
30.353621
32.904039
29.289671
26.666545
26.196007
28.343076
28.198271
20.783620
18.229943
24.098787
20.100116
19.412880
18.352929
16.706834
19.321452
19.433668
13.699042
12.550673
12.647492
10.568407
10.599162
9.991293
8.087197
6.723388
5.474496
5.633108
11.579843
10.902394
6.972727
6.106818
6.071114