50
4
-30.000000 -30.000000
44.506806
47.863300
53.348830
49.149724
50.854629
50.982681
58.406913
54.253635
55.898007
55.900374
59.065364
56.585122
60.101776
61.418318
61.903749
62.979847
60.614503
65.675141
67.023022
66.382548
70.124401
67.208376
73.137618
70.625132
71.757998
75.917587
75.855919
76.889885
77.450157
82.659583
79.237106
87.303232
78.869675
85.732696
82.694332
86.346011
84.141588
91.128716
88.797229
89.198891
92.271849
97.735797
97.954854
91.770278
97.646933
95.235634
94.590685
99.232959
102.721897
97.040399