50
4
75.000000 75.000000
101.239856
100.411746
99.445200
99.341189
96.340238
96.081445
93.758015
90.623777
93.497805
93.094952
90.447610
91.841771
87.800770
91.376562
85.884231
86.869283
83.659517
84.318916
80.908377
78.804806
80.170977
81.804006
81.125335
77.302188
72.553523
73.324623
73.750045
74.372075
72.071855
70.408292
70.855004
67.790268
69.543588
65.448076
65.824400
62.602015
57.258469
59.254827
57.377779
55.632393
59.603061
57.500290
53.197402
53.676274
54.640550
53.849088
52.473059
46.974706
48.529559
45.617951