50
4
75.000000 -30.000000
77.835735
76.027897
76.774608
75.996157
77.146647
77.477484
75.776438
74.532523
73.495037
70.680091
75.594331
74.440467
73.026540
73.029469
73.480749
76.357007
76.576484
74.735854
72.605582
77.866523
76.165067
77.845258
80.103593
79.805146
76.012904
77.886479
83.912353
80.449002
76.505261
77.941347
83.446736
79.249936
76.599635
80.543742
78.558092
82.431263
84.098810
76.657160
81.662735
83.992428
82.879654
82.787961
84.013312
81.970230
84.540272
82.439396
79.126329
89.246209
87.913603
81.480099