50
4
5.000000 5.000000
1.603143
6.387916
1.684072
4.527404
1.926357
3.066005
2.559864
2.874380
5.640642
4.611384
4.239974
6.894339
11.728365
10.969126
13.557393
13.012666
15.047251
13.144160
18.939353
17.850124
21.041808
22.600460
22.167009
19.183587
17.420104
23.652090
24.446491
28.252899
27.459065
31.564817
32.756975
34.815601
35.113053
32.945585
39.092926
35.669411
40.089877
40.373066
39.433849
42.618322
44.270506
43.862508
43.421763
46.447849
44.882200
44.462598
48.923240
50.398159
51.483126
52.822429