50
4
-30.000000 -30.000000
43.350777
46.338393
51.494746
52.055894
48.254515
54.093804
53.597700
51.991950
54.537860
55.789220
58.376104
62.652844
64.634893
60.070372
61.643764
64.284718
66.811251
65.410778
64.981446
68.110709
70.168201
67.608655
74.338488
73.202027
72.986584
73.923514
75.667086
76.660707
81.350558
76.757026
83.442181
83.858751
79.467498
88.427027
82.498585
85.200496
89.450579
87.496199
90.491275
87.994143
91.013041
96.236371
94.456215
93.626136
97.431846
99.343111
97.437990
99.690170
96.977542
99.331686