50
4
40.000000 5.000000
33.389624
35.741509
34.019628
35.367876
33.697977
32.660098
30.889507
30.057054
31.977045
31.146027
30.774682
29.644625
26.907569
26.401512
27.925864
26.508146
25.771440
20.797332
26.157431
28.667421
26.073212
28.495669
30.331673
30.656745
27.199999
24.805910
28.574449
29.735945
27.547431
30.710610
30.318337
30.942022
28.673964
29.522889
31.209138
32.387492
33.294932
34.533337
34.711590
34.698437
38.019661
40.787366
39.344813
41.530108
36.505081
41.536783
40.705626
41.976917
45.275133
41.087370