50
4
-30.000000 75.000000
83.481618
85.449450
78.378297
83.982086
78.638024
77.162298
78.750700
79.679274
75.325707
74.747602
74.099975
75.669862
77.073819
74.297288
73.588589
75.984869
74.061754
70.015995
73.671577
71.515207
73.328091
72.548659
72.404732
72.939265
73.361389
71.729490
71.149093
70.062742
72.672995
70.051949
69.353219
70.443235
72.475131
69.316638
68.089870
69.083788
71.132609
66.608537
67.474682
65.941299
69.369365
70.648696
70.760989
74.515474
72.649294
70.656752
69.871739
72.126623
71.419686
67.659161