50
4
5.000000 40.000000
38.832984
37.095022
33.921912
39.641599
34.245348
39.179664
31.759411
32.300878
33.503256
31.015024
31.645335
31.672151
27.713063
27.918323
24.478728
28.498376
29.737585
24.192545
24.876551
26.207513
24.986805
21.585672
20.791910
23.396423
21.907962
23.986811
22.553718
24.475680
19.879442
25.785448
20.314509
20.421222
17.421984
18.631447
22.740083
23.356917
21.645469
18.823770
26.429605
23.917666
25.926664
25.577714
23.701569
26.718642
25.112618
25.946891
27.629095
28.349868
30.942007
31.101801