50
4
-30.000000 75.000000
81.763521
82.677373
80.781797
82.239852
74.716210
82.724418
84.085882
76.370590
78.261089
78.707653
76.108812
73.649914
78.158114
73.310577
76.052082
72.478412
74.369673
76.370265
76.145737
71.925577
72.619611
71.341203
71.198576
71.175043
71.594436
68.373792
73.871584
71.161429
66.329324
71.104956
64.937301
73.562473
69.654279
64.855652
68.157192
68.791076
68.953092
68.855023
70.543273
68.857857
70.112953
64.326546
67.080240
71.475754
70.278773
73.038142
71.955541
70.987761
69.425758
69.672246