50
4
75.000000 -30.000000
77.114897
77.947300
76.988454
79.736444
76.692005
77.589607
77.623979
77.304922
75.701447
77.287127
76.300425
74.204179
76.083706
75.161870
73.014028
76.119707
73.475512
77.512839
74.615110
76.312838
75.951769
79.330121
76.077681
78.068066
79.496259
76.839442
76.612168
79.948141
82.513517
81.135124
79.976625
82.613005
78.028160
77.046654
80.509703
82.417121
82.149809
82.943024
83.697304
80.916265
79.242419
82.911079
88.735430
80.371865
85.576831
84.248117
86.483303
86.765029
82.990824
86.789219