50
4
5.000000 5.000000
7.889510
2.110663
3.988823
1.887317
4.506975
-1.181848
0.451441
3.278254
4.621128
9.625238
6.548828
11.251498
11.087302
13.395723
10.207697
16.597887
17.104532
13.401590
17.595732
19.604331
18.763622
22.271017
21.113361
23.018230
25.388575
24.500204
25.191648
29.023323
24.808233
29.562319
33.562959
31.156232
34.490982
34.148356
32.931532
37.995036
37.182579
39.452559
41.517552
41.917811
42.377424
46.697050
42.794047
44.251506
46.493686
52.092279
50.653715
51.777902
52.406365
52.787285