50
4
-30.000000 -30.000000
46.160897
45.834833
45.413930
49.660842
52.636640
52.855257
51.803772
59.026621
59.585492
58.489347
59.889292
56.518388
59.954387
62.738001
62.536390
61.663600
65.393038
65.927372
68.108939
64.820654
68.445650
70.905446
75.332723
72.382765
76.009001
76.853607
75.129963
74.918543
81.330957
79.316747
82.026600
82.091816
86.030875
84.866720
84.286073
87.753404
84.958542
87.501784
90.427423
91.544354
93.691350
95.253861
94.186639
94.410738
96.398074
95.908194
98.765834
97.755337
104.831130
98.466118