50
4
5.000000 5.000000
3.604778
7.583872
4.433716
4.751599
5.672084
0.648090
2.119669
7.244531
8.396008
8.471920
11.199135
7.538524
8.484080
14.988450
13.031952
14.383032
14.520510
14.820461
17.986088
16.916286
21.143282
24.815731
18.834109
23.843610
22.895816
26.751276
27.054633
27.450989
25.934343
29.597409
31.416957
30.956164
35.915849
38.029776
35.385097
34.866094
40.235101
42.325161
41.804129
37.958014
42.105218
47.102195
47.176975
42.345825
45.907251
48.228029
48.930400
51.089964
51.458561
54.666996