50
4
40.000000 40.000000
54.572498
55.915521
50.896969
48.502242
46.171285
48.480432
42.821216
43.065747
44.103739
43.676051
43.980081
41.407229
34.566414
34.505722
38.430252
37.239522
31.912746
33.494363
33.336868
32.124364
27.672639
30.509319
24.432765
28.402155
27.114409
23.596063
20.449237
24.030306
17.294921
16.767837
21.356002
17.358282
18.717306
19.386871
15.269831
14.877453
14.437278
12.531421
10.671692
11.679001
6.601913
10.862196
9.905945
6.831739
7.045022
2.414291
8.181621
7.744939
7.578616
7.758732