50
4
75.000000 -30.000000
79.421374
77.305374
72.411577
75.345363
75.816684
71.724602
75.853301
74.983665
73.516152
75.690978
77.006872
70.664170
72.147493
77.622556
71.392794
70.893197
77.402902
80.008113
76.103533
76.740527
78.452905
75.313357
78.458413
85.116242
78.734105
78.611862
76.149693
82.839905
80.257603
83.114302
80.435774
79.419442
79.988574
80.819615
81.557062
81.856948
83.373569
83.721851
82.285514
78.572195
85.206410
82.400976
86.210472
84.075660
80.679863
82.934906
90.530367
90.543025
89.413676
86.493557