50
4
5.000000 5.000000
5.331984
3.974037
7.357236
2.247934
0.000000
0.812680
3.822286
2.194814
9.276308
7.433021
6.584114
7.956872
9.466702
10.548239
12.575394
14.467957
15.579386
18.618142
17.832457
17.457463
19.824794
18.883653
18.103015
23.355143
22.309053
23.753780
23.551613
31.106151
28.051958
32.051319
30.616807
35.197889
35.039388
33.103975
34.306241
35.867072
36.385848
39.041797
39.312869
41.270273
43.682710
40.466229
43.952331
44.856930
48.126848
49.881719
49.439057
51.979425
50.646441
55.358783