50
4
-30.000000 75.000000
83.534349
80.936286
81.880600
79.882514
80.985907
78.277948
76.893320
77.286532
76.653554
71.698840
78.799411
77.253493
75.050645
76.364732
74.840860
72.680641
75.493107
73.468875
71.770812
70.472681
69.876879
71.421663
70.894508
71.382269
64.670036
73.453111
72.400080
73.755368
72.073957
66.986682
67.502433
69.003514
71.735449
69.662606
68.626769
66.185642
66.873865
67.993772
67.999852
69.942195
69.465847
66.609520
64.637948
72.310145
69.512193
69.356981
67.139145
70.646788
66.870487
70.159232