50
4
5.000000 40.000000
38.998820
38.074307
36.904775
36.936518
32.415721
37.647748
30.736494
33.373581
33.139758
34.847087
29.704497
26.933796
31.260691
30.280040
29.773145
29.209276
28.634556
23.475959
23.119139
24.165749
24.359059
20.483742
21.064726
22.939542
21.399173
23.203577
20.528792
21.364947
20.993545
21.197018
21.013199
18.019887
21.734416
20.616174
18.927908
25.915808
23.164260
23.088506
20.198897
23.966880
27.393765
28.875153
23.051277
27.802281
29.449015
26.898732
30.702102
36.012071
31.720561
33.119131