50
4
-30.000000 -30.000000
44.996494
47.532278
49.710302
45.747497
51.173741
50.990055
51.670550
54.882028
48.923866
54.273242
58.912033
60.371084
61.422238
61.268602
60.037697
60.190505
65.443354
65.399325
65.680410
72.134332
66.277550
66.820590
71.780502
72.454860
73.994844
73.399799
78.687108
76.256448
77.011025
77.699186
81.119111
79.618064
87.981377
85.119052
80.295546
83.047474
82.558980
86.725996
89.920362
90.370317
91.705300
90.811590
89.993043
97.065558
96.625659
96.753560
100.721523
100.667158
104.628533
99.528499