50
4
75.000000 75.000000
102.497536
99.325695
100.304708
100.721207
97.506447
95.913307
92.187106
93.905553
96.270191
92.747079
90.833402
89.554490
89.898719
84.319060
88.201767
83.055619
85.132224
80.826317
83.795388
85.320355
78.688862
79.168157
81.709743
78.547855
72.039527
73.898372
74.692553
73.381470
69.139314
68.389262
64.830746
68.184497
67.351811
58.855385
64.944218
64.796992
62.457570
58.459767
60.366531
58.437305
55.031111
57.311526
57.931739
51.570764
52.195574
48.753053
50.944187
51.577416
46.767048
43.803152