50
4
75.000000 75.000000
102.925345
103.208282
99.569879
98.104203
98.239991
97.509158
88.769223
93.224859
93.857741
91.742764
91.092169
90.469222
85.266749
84.736203
85.659727
90.996558
82.223090
87.114505
80.040190
79.928683
79.246154
79.531614
77.294200
74.489010
74.631869
69.817244
69.093856
69.870995
67.922071
70.165953
68.370591
65.672359
62.773180
62.867633
60.404437
62.858510
63.918786
59.336165
58.012778
56.157038
59.419463
59.724555
58.052000
55.532589
51.598969
50.987403
51.662468
50.650651
45.204948
46.749773