50
4
40.000000 5.000000
35.988972
34.420084
40.027085
33.685315
32.530538
28.869825
34.639406
32.302904
33.257777
30.140802
30.974200
24.044716
26.011607
28.337575
25.310348
31.335755
28.761854
25.174285
27.223191
28.192912
26.289921
25.545167
26.407123
26.221039
26.998941
30.083154
27.596873
29.788508
28.845965
29.977814
32.130903
30.128341
29.779525
30.610427
32.647756
32.930798
34.432862
36.002719
34.866507
34.280322
41.638733
36.434124
34.645823
38.760195
39.352029
38.228232
39.777681
38.492656
40.900299
43.723209