50
4
-30.000000 75.000000
81.870122
81.180806
80.772167
82.910693
80.387998
77.218849
79.306211
78.174589
78.256654
75.799423
73.670842
74.752765
73.720275
70.823051
74.096574
75.279721
73.959627
76.523628
72.550671
72.910501
74.899296
71.008454
70.513389
72.662398
73.376802
71.340453
73.477636
67.889400
68.500731
71.159547
68.461069
67.558001
68.987043
72.813511
69.186654
67.076973
70.537857
70.113953
68.510373
71.703980
71.030229
67.215901
64.408485
67.257650
70.689106
64.752791
70.851348
71.241323
73.268137
66.638276