50
4
-30.000000 75.000000
80.232390
81.075428
80.865623
79.712122
78.545873
80.121643
78.662722
76.559550
81.263747
74.743712
79.792685
75.527646
72.680076
74.061337
76.465957
74.968191
74.889969
72.984425
71.723143
72.648240
73.795406
72.013291
75.095752
66.639150
69.356365
70.883498
73.942847
71.391808
70.649955
67.843753
71.658566
70.606073
71.733654
70.154393
70.929318
70.041989
71.717160
67.022754
67.729776
66.680397
74.475757
71.694821
69.069228
71.376245
70.299893
69.037964
67.291114
72.895664
68.553651
71.292501