50
4
75.000000 -30.000000
75.918466
77.251504
79.306906
75.359391
76.362612
74.768563
76.259960
74.402904
76.303731
76.523485
76.020765
76.740654
73.865371
71.903263
73.801404
75.383004
75.085222
72.504474
76.318859
77.782480
77.178864
77.229792
77.523085
78.010686
72.223077
76.832869
76.855911
77.050483
80.235811
76.358395
80.233052
82.477086
79.256298
78.588376
80.890295
80.140500
78.741701
86.601710
82.137269
85.964683
83.609412
82.953615
86.719166
89.440546
81.509947
82.937217
82.771713
81.552397
85.553987
90.922817