50
4
40.000000 5.000000
36.853555
38.490456
35.072558
32.274053
33.955393
33.858190
32.116256
29.753265
32.448804
29.205351
30.677960
29.029462
27.216226
26.781889
26.632904
24.526066
30.786995
25.940075
29.661151
27.820466
29.021735
30.654569
27.978062
25.705454
24.560354
28.785192
30.261332
28.502246
31.887621
30.369459
28.289842
30.466569
26.603880
32.459853
32.821223
32.156947
29.548025
32.232676
36.911721
34.579728
35.310980
38.257746
38.671423
38.024304
39.604775
40.727495
39.959482
43.116535
45.536376
39.930842