50
4
5.000000 40.000000
41.622180
36.521805
39.570978
42.298955
39.485171
33.729545
38.557394
30.986330
33.125360
34.070961
27.223390
31.224656
28.081942
26.435049
27.176468
27.282344
21.646734
26.535324
21.284968
20.795156
24.012095
22.197483
22.760692
22.448559
19.204649
25.498206
21.989666
22.163108
22.869443
16.765305
18.727003
20.910337
22.316788
19.335386
19.770052
20.324510
23.485422
20.923175
23.498546
25.681913
26.508816
26.414167
23.296741
24.627926
27.105236
26.179046
28.807553
25.711403
30.333085
31.384793