50
4
75.000000 75.000000
105.601828
105.887037
101.638878
99.603138
98.665683
98.257529
91.719599
91.059766
93.802957
93.700232
91.659894
93.424929
89.594862
89.174915
85.507668
86.511232
88.470723
84.581304
82.931855
80.613239
80.476249
79.476334
76.888468
72.691965
72.474712
73.652047
77.425528
67.866519
72.960093
69.489858
68.353922
70.370988
65.112061
61.263973
60.976909
64.327916
61.359439
62.955874
58.628571
59.581987
56.828459
58.470252
58.130270
53.742186
50.662559
54.996211
47.287454
48.662195
48.096224
42.672342