50
4
-30.000000 -30.000000
43.260696
45.928326
52.182731
50.975330
52.347825
52.250849
56.455770
54.273715
54.786919
56.802477
56.445525
55.353655
57.999844
62.125623
64.279490
62.162471
61.976544
64.092608
65.610081
67.644403
68.182120
73.495002
71.299930
74.158901
74.012079
70.310411
79.625208
78.580935
76.435893
82.939044
75.229340
83.181228
80.728514
81.132374
86.314750
85.957197
89.157286
87.001902
86.971312
84.753706
92.544249
94.718531
93.674206
93.598543
97.609016
94.370646
97.471833
102.556678
101.233433
103.122548