50
4
-30.000000 -30.000000
44.223721
46.726337
44.574069
46.980852
48.892389
52.762024
51.518598
53.989129
54.322804
57.989808
55.513778
60.798800
58.049012
61.294650
62.136713
57.874952
64.050290
67.719962
67.232897
68.230505
66.693285
66.414005
70.045294
71.225579
76.368376
71.606829
73.633961
75.309553
76.251895
83.360900
80.411770
80.262611
84.434964
84.896918
82.719984
86.541617
86.244799
94.015856
88.622960
89.411041
91.125230
91.161235
93.614271
96.248184
98.716150
98.492310
96.193212
100.355495
100.573088
101.476292