50
4
75.000000 -30.000000
71.696973
80.296984
74.667626
75.339011
76.787429
77.875618
75.192036
73.890880
76.048756
75.429271
74.567601
75.997052
78.957203
74.691923
76.462156
73.265943
73.318586
74.922110
75.395858
78.105761
78.996902
79.319485
78.527144
78.869263
80.493556
79.881382
81.934253
74.934765
79.597897
79.378808
78.588084
79.594960
80.212361
82.597435
80.542824
80.687452
80.339955
80.686184
80.763035
83.173052
86.948413
83.662071
84.497454
82.995365
82.283557
86.730101
86.706628
85.850346
83.401760
84.239537