50
4
40.000000 5.000000
37.602987
39.104739
37.158204
33.403917
33.365973
34.118442
30.433092
32.713060
29.052535
31.747318
31.362418
27.235199
22.896499
29.328018
27.500733
32.349926
29.492311
29.728266
28.061546
29.898543
24.469824
34.516227
28.452958
24.133984
25.254686
26.621698
32.876450
29.367183
27.953288
30.348460
28.459620
30.721122
34.541413
34.818527
29.455616
31.110836
30.029349
35.375246
36.358597
33.642504
34.175572
35.356943
34.518297
37.100987
38.419158
42.566622
44.407817
39.938184
45.178753
50.236998