50
4
-30.000000 75.000000
80.595553
80.683430
81.056732
78.417866
80.175063
78.657219
76.635694
79.930668
77.774357
75.719319
77.836822
75.058863
76.379390
76.370371
73.387939
75.770434
75.018945
75.099939
73.772825
73.435974
72.858403
72.983109
72.215902
72.316122
70.581424
70.991768
73.209364
69.309326
70.385362
70.758440
70.201190
70.583085
65.694744
66.608142
69.012968
70.800182
69.925342
71.084871
69.449364
71.581621
68.711547
67.683496
69.814011
67.126654
71.358877
68.054881
71.887471
70.543979
69.015904
74.619390