50
4
75.000000 75.000000
100.496133
101.276358
102.219867
100.327612
100.472557
96.912727
95.245140
91.119995
94.481946
87.740662
89.141370
87.308875
88.361860
88.887500
90.166891
83.538717
87.944080
84.951956
82.119170
81.403142
80.031496
80.507147
74.939728
74.412684
75.007140
72.496061
73.130076
68.918961
73.085297
68.964632
69.834044
66.227875
65.306934
63.865720
66.419797
59.640176
66.705245
58.405587
55.612609
56.029062
61.616919
56.742955
54.607398
57.714822
52.480521
48.458937
46.325327
45.216581
48.665833
44.785710