50
4
75.000000 -30.000000
76.816039
77.474023
76.144674
74.230590
76.561473
70.141333
75.049151
74.396594
72.785876
76.690296
76.063405
75.998152
74.710039
75.562511
72.602974
75.416021
70.331798
77.248243
75.786279
74.960772
76.856732
76.618775
75.473932
74.480010
78.874591
79.390709
76.254996
76.320883
81.479578
77.825653
78.152948
82.006840
79.112021
78.235094
83.003188
82.348740
82.419157
79.783922
79.820874
84.146699
84.632964
84.850346
80.404093
84.547471
85.669225
82.294778
86.259002
85.798862
82.579695
81.258026