50
4
5.000000 40.000000
36.080117
37.146433
38.729701
36.632192
38.571710
33.559579
33.005367
32.949642
35.225033
29.936771
29.072863
34.178040
31.239421
30.173284
23.995777
30.542135
24.418697
20.461701
22.023108
24.307119
22.048569
20.910742
20.084757
21.350742
21.695187
21.796855
26.102326
20.890661
19.349134
21.821247
22.395238
24.717283
25.400474
18.463888
20.918373
20.518372
22.786018
20.457371
20.356400
26.949399
28.818711
29.484519
28.801711
28.821601
26.528013
31.370746
30.650034
30.242915
32.737011
32.636423