50
4
40.000000 5.000000
37.398329
35.957619
32.831920
30.538606
31.298448
35.096105
36.909899
33.531700
29.191558
34.116474
26.477049
27.014286
29.280277
25.198296
30.646503
26.196182
28.289119
25.635603
29.148512
29.075969
26.711144
27.753423
28.228171
32.110350
28.967249
31.418370
28.128047
26.993671
30.180332
25.400802
32.306314
31.114286
29.514116
31.383916
31.557582
33.118701
35.810232
32.868629
34.124024
38.533892
35.196707
41.799653
38.536718
39.849813
39.962766
39.244462
41.577082
46.336458
35.665633
45.989151