50
4
40.000000 5.000000
34.607456
37.747991
34.613726
32.820298
32.431980
29.889057
29.077970
31.461288
29.144469
32.701870
31.625725
29.475504
26.787695
29.017891
22.893913
28.266673
24.756313
29.199860
27.550829
24.186643
23.841499
30.055018
29.221928
29.819373
28.021677
25.185751
28.154415
32.436372
28.613934
30.394756
28.781902
28.325490
31.856983
32.508615
38.010413
35.374487
35.676664
33.056026
39.349797
36.388503
38.082293
34.220264
40.916654
41.915287
39.214166
37.021234
41.702777
41.540338
42.683554
44.120629