50
4
75.000000 75.000000
99.064488
103.919478
100.476323
95.956449
98.700176
92.444668
93.619998
97.206982
92.208116
93.114501
88.639023
86.501286
87.949778
84.619640
83.892475
82.795783
86.702304
85.864602
81.496860
79.273928
80.496751
77.789909
72.388730
76.300797
74.941409
76.618324
73.438499
71.869703
71.948120
68.943618
66.379776
63.341621
64.385488
64.770493
64.292175
63.588841
58.816110
59.092310
59.790674
57.496727
55.683410
54.452029
56.824730
57.527746
52.205142
52.409895
47.729548
46.953144
52.242361
51.055088