50
4
5.000000 5.000000
6.234165
7.324879
6.311354
1.822027
0.695470
6.956945
2.964994
7.691079
4.737691
9.641125
5.904418
8.843642
10.799454
10.332885
10.594844
13.732537
13.372485
16.706001
19.506189
20.022468
18.261451
19.234667
21.210423
22.168688
24.678769
22.757557
29.027802
31.187695
28.075788
31.927919
31.397341
34.763661
29.898277
36.084758
37.931121
38.088761
42.924514
38.252951
38.121159
45.610981
43.068253
43.290756
50.658749
45.547208
46.714193
44.886855
48.428301
48.282053
48.502796
50.951432