50
4
-30.000000 -30.000000
44.159725
48.476973
45.513300
47.091936
48.384455
50.051998
50.487277
51.483774
53.659939
55.487200
57.372436
60.542146
63.856875
59.232779
62.745365
64.255302
70.346948
67.269523
63.956130
66.850214
67.362483
71.454095
71.603488
75.821482
73.583477
75.748319
78.936725
76.888154
78.936689
78.849949
79.889193
84.667235
78.339741
79.768400
84.154440
83.877511
86.160124
89.791436
92.360420
89.828331
94.282861
96.645340
98.706378
89.571407
97.662109
97.756052
100.183242
100.886964
105.020384
100.866503