50
4
-30.000000 75.000000
80.362408
79.797051
80.295980
80.032594
83.877204
76.058083
78.008249
82.107582
80.151853
79.332764
77.097597
80.149520
76.223653
73.569227
73.508576
73.356339
72.777194
71.898469
73.886086
72.379106
74.864806
72.501440
72.622492
73.665992
66.996083
72.330679
74.906129
69.253517
71.368478
62.967431
69.487677
66.749581
73.894696
68.799063
68.225970
73.684892
69.691801
67.041634
69.033294
70.958908
69.709588
74.290593
70.693169
70.309738
67.952468
68.948690
72.630193
72.026246
70.614882
69.245842