50
4
75.000000 75.000000
103.299121
103.910972
102.317332
98.847527
94.291691
99.714283
94.846772
94.056489
90.789680
89.611794
93.361738
89.009822
90.055800
87.329867
88.745144
82.013639
87.186661
80.688718
83.403538
78.382421
77.897807
76.675546
73.270154
74.684206
75.094572
70.356079
73.597125
73.028286
72.486604
66.877632
68.036546
66.958472
67.196082
64.967601
64.114438
63.043343
59.353506
59.449017
64.008340
60.742088
56.899924
51.251694
55.694467
52.834938
54.361728
51.125663
54.228268
48.563029
50.031574
50.798446