50
4
-30.000000 75.000000
87.428531
79.189917
81.483607
78.885803
80.560101
78.868479
79.104951
79.654083
79.297202
72.805921
78.477541
80.120590
76.888383
77.819242
75.928818
71.243163
73.309991
75.206846
71.468121
70.174402
74.067641
71.239706
74.583018
71.940913
74.023076
70.656410
71.232690
67.625847
67.929241
66.959385
67.879093
66.589816
71.049050
68.393752
69.374242
72.374272
68.838403
70.822700
68.821569
68.984261
69.002207
70.757155
70.269313
65.396972
71.479692
72.975986
71.837386
71.520717
75.044924
70.322515