50
4
75.000000 -30.000000
80.115390
73.645589
76.606166
73.328460
76.835625
73.858677
75.926580
75.203290
77.578714
76.757227
75.027690
80.202296
71.109898
79.351028
75.088898
74.121572
80.651270
78.876870
74.065891
73.720482
77.999580
76.914244
78.497453
76.406652
78.547751
76.899478
77.242016
80.667975
74.143196
81.880690
81.151216
79.544832
82.610073
83.426846
79.096970
81.556637
80.929157
80.428675
80.360530
87.777603
84.185531
82.279742
83.761637
84.374396
87.253395
85.832428
83.357416
89.027259
86.144910
86.795789