50
4
40.000000 40.000000
55.489526
56.858236
53.642864
49.612969
44.726528
48.922340
47.270640
45.547038
42.550247
39.997721
40.686793
40.873876
36.756057
38.605114
33.905846
38.032542
29.922672
36.949595
27.351646
31.822222
28.964981
27.139433
28.985138
31.023570
27.301554
17.346644
19.396564
19.756935
18.029875
19.881165
14.086042
20.015641
20.541665
18.514352
13.034698
18.306615
13.871178
8.917891
9.798958
10.932829
11.765768
12.993585
5.560259
6.955536
10.464911
8.245011
15.807631
10.763734
13.153877
12.197362