50
4
40.000000 5.000000
33.037625
35.232595
33.788478
31.428547
32.923072
31.101807
33.353019
25.975163
31.252647
29.074079
28.196601
34.369519
28.867509
28.905047
28.448885
30.725625
26.188250
31.379651
24.105118
22.472806
28.286627
25.718259
26.226255
22.175048
30.276192
29.778690
24.815092
31.926737
30.155179
31.021859
30.416635
31.474977
30.949871
35.609285
34.540434
34.000683
35.767931
33.417590
36.574600
36.436406
37.718642
35.468405
36.837184
36.031352
36.790254
41.301949
39.305682
36.076541
42.368050
43.705883