50
4
5.000000 5.000000
6.464389
2.603535
5.302010
0.558878
2.694939
8.695225
5.307324
0.958612
5.519223
5.341383
9.333238
6.622297
8.593873
9.801226
12.286940
12.777172
16.461519
14.658822
15.612041
14.671059
19.387044
20.355199
19.877191
17.954074
26.512107
19.149285
23.818713
26.206188
25.109107
30.735909
34.445197
31.341748
34.899581
35.074125
38.965012
35.857065
38.643189
42.096487
37.716529
40.425249
43.175630
44.836456
43.391229
44.965178
48.663542
47.214774
49.344075
45.649942
49.453704
55.149846