50
4
75.000000 75.000000
101.509104
101.166644
101.120259
100.083996
99.669941
98.269979
92.085374
95.663591
95.507577
95.301460
88.686740
88.150330
87.692687
89.110271
82.580963
85.723692
82.137715
81.575317
80.231076
78.571390
78.730932
79.258528
78.077313
79.787367
72.421384
71.252050
70.664676
70.508651
70.505272
74.270362
65.326109
66.112582
66.614098
66.182583
62.771376
63.001522
59.732147
57.880183
62.931730
56.276504
57.905996
53.807416
51.732878
56.497908
53.162755
50.312902
52.041055
49.501009
47.421473
47.727403