50
4
75.000000 -30.000000
76.221196
75.853677
75.831005
78.864611
76.322428
77.511783
74.408757
76.422402
77.590046
76.657813
75.213115
77.278700
77.725482
77.134755
77.154641
72.610951
73.888477
71.644676
77.262387
74.266983
77.211652
74.758511
79.974722
78.984804
79.300225
78.283591
79.930376
77.192732
80.593572
80.528009
78.681675
79.042233
78.302781
83.043103
81.606792
82.282163
78.675570
82.119607
80.763230
84.310868
83.433710
82.758688
85.850789
86.745946
87.016409
84.324028
85.103761
84.407245
86.888032
88.448616