50
4
75.000000 75.000000
101.676371
103.169555
98.085366
97.238857
96.099433
101.651149
96.685241
96.787713
94.230611
94.141082
91.435790
87.536483
88.429461
87.867465
86.751802
86.785935
86.529415
82.247907
82.731975
79.974774
79.332101
77.837936
78.466480
79.574219
77.022599
71.431266
72.138673
71.523557
71.743213
69.953835
70.729028
66.996527
63.755375
62.534660
63.272816
59.369767
61.625309
57.525899
61.246452
57.924925
54.879301
53.129708
52.525157
58.329822
52.824463
50.663281
48.326561
48.389633
46.687751
46.185255