50
4
-30.000000 75.000000
79.017567
80.907909
81.800877
81.313729
78.264216
79.928234
78.574077
82.140682
74.753589
78.643260
79.724059
77.512615
77.700779
75.114582
76.974735
70.741467
73.943392
72.113023
73.740464
71.769283
71.792348
68.258140
66.349911
70.284335
74.151827
71.745583
72.434534
67.837711
71.933163
73.039257
70.955806
70.954208
68.617545
69.019915
69.205387
69.580571
66.641853
65.082525
70.600686
69.876282
69.338395
66.517841
69.675896
69.390258
69.354057
72.299214
72.730400
73.525604
72.752088
71.248031