50
4
-30.000000 -30.000000
48.756685
44.245362
44.469596
50.414179
49.984061
54.780179
52.266643
55.809733
56.976052
57.306497
56.159371
56.553862
58.766518
62.410161
61.324216
63.774825
68.296186
64.437832
64.045329
62.230631
69.747387
74.056477
70.424148
75.308187
77.848454
75.186427
76.814555
77.120327
80.813553
78.895062
81.027066
82.855723
82.295685
82.331753
87.667323
84.809029
86.875380
92.513308
95.428440
91.051569
93.249553
92.057135
92.154589
92.713846
97.985423
97.730379
97.123738
102.087420
105.150126
100.774890