50
4
5.000000 5.000000
4.272770
4.915414
4.392297
1.978241
-1.174792
2.451997
0.157368
2.350857
4.705869
7.353434
7.003744
7.099375
11.129683
12.194296
13.599856
18.750139
15.062585
10.424807
16.775343
19.399026
18.320562
25.984169
21.028981
24.056845
23.756143
28.392691
25.430310
27.779683
27.568717
29.176036
30.281596
29.209641
35.423117
32.957177
37.964593
35.982056
42.187054
35.926610
37.579023
40.485056
43.028462
46.713422
42.161469
47.007318
41.568788
53.375124
49.908235
51.487717
54.297087
54.703520