50
4
-30.000000 -30.000000
49.087147
48.817421
49.691491
48.035060
49.423302
50.068819
49.593802
53.654715
53.808745
57.429725
55.562800
61.417126
64.074815
58.726423
64.419398
64.239590
63.073580
65.758232
62.822690
66.358594
66.600666
69.870458
71.004595
73.030850
72.582450
74.124853
78.796199
79.437376
80.570118
76.588971
80.829914
82.385790
82.795173
82.793602
81.676693
86.206597
89.207777
83.906432
86.614452
89.179925
91.153183
95.036429
96.256424
94.543206
94.024982
100.747145
100.091252
101.006251
103.097783
102.132502