50
4
40.000000 5.000000
39.400452
37.122551
33.292099
32.423870
30.464566
34.372902
29.569347
28.288055
32.311867
33.041695
27.519404
25.968775
27.261814
29.080577
26.898498
24.656649
27.336020
27.689512
27.587036
27.926688
26.385707
28.356850
30.416470
27.274043
28.134973
30.149566
28.942285
32.190857
29.619129
27.850992
28.317426
30.938354
32.972662
33.745444
32.594241
31.580563
36.829346
31.096076
31.161213
38.270450
39.998404
36.585975
37.499072
40.371030
40.913603
40.728910
42.795918
40.479835
43.025712
42.086224