50
4
40.000000 40.000000
51.020008
55.408806
51.060725
52.678431
53.235729
44.724741
47.048744
50.319760
41.835192
44.358131
41.521791
42.687059
40.206019
38.426950
37.666302
40.327481
37.092458
30.939920
27.750044
32.194759
31.773440
27.042126
29.072266
24.669440
26.091211
28.580082
22.424187
21.430660
21.020647
20.049305
17.072636
20.343239
20.709182
16.340115
14.777143
11.303439
13.324875
12.850187
11.410555
9.945909
11.702469
13.664021
7.792604
12.801061
10.219214
7.761340
8.414012
6.568775
8.549756
10.100259