50
4
5.000000 40.000000
41.033749
40.966730
39.841439
37.671585
36.407805
34.977475
32.656646
31.023749
30.963663
33.072997
34.328436
34.806182
33.352418
27.241041
27.064400
27.813329
29.036888
25.728119
24.826119
20.492519
25.037476
24.070263
21.567099
20.558991
23.654846
17.705946
20.576396
19.961373
19.581762
22.276298
17.122419
19.862807
21.440069
20.404233
22.935898
23.595296
16.161960
23.207768
24.519536
23.541921
26.397677
28.338361
30.026055
27.890854
29.399520
26.693702
33.388289
29.294200
31.150483
30.887243