50
4
75.000000 75.000000
102.985967
100.116472
101.540205
97.937372
98.458264
99.840026
96.975757
91.789341
97.633312
92.230988
90.307009
88.207640
87.803012
91.507074
86.580941
86.149863
82.350988
78.430410
80.417434
79.259070
83.403327
79.976307
81.840196
78.567511
76.667506
73.476385
76.130006
71.951893
69.193315
74.843335
65.097493
66.744633
67.269661
65.686158
68.364383
66.819712
57.746871
61.286062
60.667234
58.803414
58.674089
61.258904
57.947425
57.115763
53.185313
48.572344
46.764797
49.216544
47.777473
50.436868