50
4
5.000000 5.000000
6.146017
3.478013
0.269643
5.447239
1.517832
1.423606
3.869167
5.003821
5.390436
7.472647
6.287277
8.839269
12.890325
11.576323
11.216141
14.477524
8.594750
18.621603
17.833081
22.872725
18.335665
17.532365
26.417593
28.941399
24.314977
27.214370
24.475029
30.943957
26.769389
28.942152
28.908930
35.915747
32.327474
31.343195
39.363361
36.123469
38.538787
37.726839
43.200266
42.397183
42.158599
45.361747
46.485148
42.081484
50.374259
49.616517
49.420664
49.983592
52.473190
57.153316