50
4
40.000000 40.000000
52.361063
51.646515
49.697451
52.652133
52.497190
46.696015
45.397159
46.552753
43.904027
42.197378
40.327963
40.946446
35.862692
35.958489
33.651612
35.255112
36.642769
36.282889
31.441374
28.444081
27.577815
30.885873
31.138834
26.050592
20.750695
23.964642
27.909337
24.936637
20.141146
20.479779
21.782750
17.443557
17.978082
14.676093
14.552795
16.147431
10.942239
10.210535
14.356076
11.949620
10.163661
8.346589
5.402817
3.345921
9.459951
11.814456
13.462655
13.042098
7.454646
9.908016