-1.284672 1.491366 1.104427 -0.358156
-0.000000 0.000000 0.000000 -0.000000
-0.000000 0.000000 -0.000000 -0.000000
-0.000000 -0.000000 0.000000 -0.000000
0.000000 -0.000000 0.000000 0.000000
-0.256333 1.239800 -4.900432 -4.839849
0.000000 -0.000000 0.000000 0.000000
0.000000 -0.000000 -0.000000 -0.000000
-0.000000 -0.000000 0.000000 0.000000
-0.000000 -0.000000 0.000000 0.000000
-0.175936 -0.951962 -0.095401 -0.128976
0.000000 -0.000000 0.000000 -0.000000
-0.000000 -0.000000 -0.000000 -0.000000
0.000000 -0.000000 0.000000 0.000000
-0.000000 -0.000000 -0.000000 0.000000
2.530080 -1.011901 2.360701 -0.637905
-0.000000 0.000000 -0.000000 0.000000
-0.000000 0.000000 0.000000 -0.000000
-0.000000 -0.000000 -0.000000 0.000000
-0.000000 0.000000 -0.000000 -0.000000
-0.491209 -7.998181 -25.263846 0.897332
0.000000 -0.000000 0.000000 -0.000000
0.000000 -0.000000 0.000000 -0.000000
0.000000 -0.000000 0.000000 0.000000
0.000000 -0.000000 0.000000 -0.000000
0.275870 -0.691416 1.300467 -0.613661
0.000000 -0.000000 0.000000 0.000000
-0.000000 -0.000000 0.000000 -0.000000
0.000000 0.000000 -0.000000 -0.000000
0.000000 -0.000000 0.000000 0.000000
0.852240 0.459118 -1.220198 0.853353
-0.000000 -0.000000 0.000000 -0.000000
-0.000000 -0.000000 0.000000 -0.000000
0.000000 0.000000 -0.000000 0.000000
-0.000000 -0.000000 0.000000 0.000000
-1.027508 -1.425433 -2.195757 -0.494376
0.000000 0.000000 -0.000000 -0.000000
0.000000 0.000000 -0.000000 -0.000000
0.000000 0.000000 -0.000000 -0.000000
-0.000000 -0.000000 0.000000 -0.000000
5.544649 -0.169353 -0.147581 0.880275
0.000000 0.000000 -0.000000 0.000000
0.000000 0.000000 -0.000000 -0.000000
-0.000000 0.000000 0.000000 0.000000
-0.000000 0.000000 -0.000000 0.000000
29.676352 7.650607 8.381165 -2.872290
0.000000 -0.000000 0.000000 -0.000000
0.000000 -0.000000 0.000000 -0.000000
0.000000 -0.000000 0.000000 -0.000000
-0.000000 0.000000 -0.000000 0.000000
0.515371 0.360543 0.879798 -0.066769
-0.000000 -0.000000 -0.000000 0.000000
0.000000 0.000000 0.000000 -0.000000
-0.000000 0.000000 -0.000000 -0.000000
0.000000 0.000000 0.000000 -0.000000
-4.796029 4.746339 -20.433552 6.954891
0.000000 -0.000000 -0.000000 0.000000
-0.000000 0.000000 0.000000 -0.000000
0.000000 -0.000000 -0.000000 0.000000
0.000000 -0.000000 -0.000000 0.000000
0.304331 0.348245 -0.251892 1.114079
0.000000 -0.000000 -0.000000 -0.000000
-0.000000 -0.000000 -0.000000 0.000000
-0.000000 0.000000 -0.000000 -0.000000
-0.000000 -0.000000 -0.000000 0.000000
-3.139418 0.722352 -3.436881 -1.552638
0.000000 0.000000 0.000000 0.000000
0.000000 0.000000 -0.000000 -0.000000
0.000000 0.000000 0.000000 0.000000
-0.000000 -0.000000 -0.000000 0.000000
-0.828551 0.622940 3.097300 -1.514100
-0.000000 0.000000 0.000000 -0.000000
0.000000 0.000000 0.000000 0.000000
-0.000000 -0.000000 -0.000000 0.000000
0.000000 0.000000 0.000000 -0.000000
2.625631 2.666738 0.067164 1.642342
-0.000000 -0.000000 -0.000000 -0.000000
-0.000000 -0.000000 -0.000000 -0.000000
-0.000000 -0.000000 0.000000 0.000000
0.000000 0.000000 -0.000000 -0.000000
-0.406359 -6.401089 -3