1.553381 1.583460 1.947411 -0.113066
2.053490 0.821414 -0.226717 -0.090689
0.821414 80.332639 -0.090689 -0.036276
-0.226717 -0.090689 3.101368 1.240574
-0.090689 -0.036276 1.240574 80.500307
6.363907 8.770333 2.448070 0.909844
3.212972 5.705968 -1.610292 -2.668895
5.705968 17.282805 -2.817445 -5.313986
-1.610292 -2.817445 2.989843 5.039756
-2.668895 -5.313986 5.039756 18.630446
6.490457 3.998209 2.376357 -0.149693
1.843214 2.033902 -0.245610 -0.099114
2.033902 3.946656 -0.119753 -0.278076
-0.245610 -0.119753 2.301792 2.685512
-0.099114 -0.278076 2.685512 5.429887
5.616712 1.624585 2.124934 -0.373554
1.628428 1.343402 -0.041721 0.005925
1.343402 1.755682 -0.008208 -0.132267
-0.041721 -0.008208 1.816392 1.548341
0.005925 -0.132267 1.548341 2.154142
6.023166 1.360545 1.887888 -0.406290
1.630951 1.062940 -0.086319 -0.062438
1.062940 1.005297 -0.064936 -0.122838
-0.086319 -0.064936 1.366290 0.919491
-0.062438 -0.122838 0.919491 1.010537
8.533177 2.298327 4.540306 1.182126
1.505979 0.801049 -0.091530 -0.062839
0.801049 0.602757 -0.062442 -0.081138
-0.091530 -0.062442 1.155844 0.649284
-0.062839 -0.081138 0.649284 0.579223
8.803696 1.902580 5.291394 1.266099
1.132283 0.509349 -0.156187 -0.084131
0.509349 0.341226 -0.085669 -0.068091
-0.156187 -0.085669 1.231440 0.593966
-0.084131 -0.068091 0.593966 0.417443
9.669618 1.866591 6.182379 1.373852
0.965392 0.381327 -0.208445 -0.092729
0.381327 0.228138 -0.093560 -0.055329
-0.208445 -0.093560 1.229605 0.512419
-0.092729 -0.055329 0.512419 0.301108
11.256534 2.098562 6.579704 1.265732
0.870645 0.308157 -0.234566 -0.088871
0.308157 0.166527 -0.089171 -0.042920
-0.234566 -0.089171 1.174763 0.429394
-0.088871 -0.042920 0.429394 0.220333
11.649681 1.887472 7.418888 1.333704
0.790088 0.254132 -0.221812 -0.073179
0.254132 0.126970 -0.073400 -0.030630
-0.221812 -0.073400 1.100645 0.358653
-0.073179 -0.030630 0.358653 0.165975
12.658315 1.907291 8.930502 1.583119
0.733532 0.217299 -0.211282 -0.061770
0.217299 0.101880 -0.061929 -0.022806
-0.211282 -0.061929 1.021070 0.301234
-0.061770 -0.022806 0.301234 0.129182
12.692347 1.653336 9.905806 1.630629
0.691345 0.190758 -0.194824 -0.051104
0.190758 0.085156 -0.051268 -0.017020
-0.194824 -0.051268 0.935812 0.253506
-0.051104 -0.017020 0.253506 0.103413
12.905184 1.499363 12.074941 1.970573
0.659995 0.171313 -0.180582 -0.042983
0.171313 0.073729 -0.043224 -0.013090
-0.180582 -0.043224 0.857253 0.216106
-0.042983 -0.013090 0.216106 0.085625
13.599850 1.485178 12.968305 1.948332
0.639050 0.157478 -0.161425 -0.035039
0.157478 0.065934 -0.035416 -0.009948
-0.161425 -0.035416 0.776018 0.184345
-0.035039 -0.009948 0.184345 0.072606
13.927649 1.393018 14.839187 2.150053
0.617146 0.145506 -0.141537 -0.028181
0.145506 0.060053 -0.028591 -0.007564
-0.141537 -0.028591 0.712215 0.161463
-0.028181 -0.007564 0.161463 0.063904
14.538630 1.372194 15.755081 2.114373
0.599468 0.136299 -0.119821 -0.021862
0.136299 0.055864 -0.022308 -0.005653
-0.119821 -0.022308 0.655058 0.143316
-0.021862 -0.005653 0.143316 0.057675
14.355327 1.175812 16.421258 2.023397
0.582318 0.128547 -0.100355 -0.016825
0.128547 0.052723 -0.017258 -0.004262
-0.100355 -0.017258 0.610854 0.130313
-0.016825 -0.004262 0.130313 0.053489
15.084994 1.208146 17.622536 2.064580
0.568708 0.122652 -0.085042 -0.013203
0.122652 0.050503 -0.013642 -0.003328
-0.085042 -0.013642 0.575143 0.120646
-0.013203 -0.003328 0.120646 0.050590
16.081218 1.292495 18.759061 2.089612
0.555578 0.117711 -0.069859 -0.009960
0.117711 0.048849 -0.010371 -0.002560
-0.069859 -0.010371 0.546972 0.113633
-0.009960 -0.002560 0.113633 0.048624
17.631336 1.482904 19.883803 2.113488
0.542666 0.113506 -0.055353 -0.007134
0.113506 0.047608 -0.007494 -0.001937
-0.055353 -0.007494 0.525747 0.108772
-0.007134 -0.001937 0.108772 0.047337
18.241517 1.453761 20.685216 2.059542
0.529574 0.109826 -0.041819 -0.004716
0.109826 0.046658 -0.005007 -0.001435
-0.041819 -0.005007 0.510973 0.105681
-0.004716 -0.001435 0.105681 0.046552
18.298183 1.318290 22.203044 2.156405
0.518493 0.107011 -0.030748 -0.002935
0.107011 0.046010 -0.003174 -0.001087
-0.030748 -0.003174 0.500135 0.103623
-0.002935 -0.001087 0.103623 0.046050
19.279110 1.382230 22.831398 2.064639
0.509576 0.104972 -0.020904 -0.001463
0.104972 0.045599 -0.001667 -0.000810
-0.020904 -0.001667 0.491860 0.102211
-0.001463 -0.000810 0.102211 0.045717
19.705483 1.328236 23.998791 2.091612
0.501438 0.103308 -0.013508 -0.000527
0.103308 0.045304 -0.000694 -0.000640
-0.013508 -0.000694 0.486850 0.101518
-0.000527 -0.000640 0.101518 0.045548
20.248711 1.302748 24.878673 2.056471
0.494135 0.101975 -0.007572 0.000132
0.101975 0.045098 -0.000004 -0.000516
-0.007572 -0.000004 0.484175 0.101292
0.000132 -0.000516 0.101292 0.045477
20.773069 1.276582 25.961769 2.067671
0.487515 0.100889 -0.003320 0.000487
0.100889 0.044949 0.000380 -0.000442
-0.003320 0.000380 0.483389 0.101403
0.000487 -0.000442 0.101403 0.045469
20.310483 1.048463 27.382700 2.147389
0.481109 0.099914 -0.000517 0.000610
0.099914 0.044820 0.000528 -0.000401
-0.000517 0.000528 0.484430 0.101820
0.000610 -0.000401 0.101820 0.045516
20.686638 1.017397 28.120756 2.076666
0.474538 0.098949 0.002756 0.000916
0.098949 0.044686 0.000849 -0.000309
0.002756 0.000849 0.487326 0.102535
0.000916 -0.000309 0.102535 0.045616
21.452335 1.071250 28.860528 2.013855
0.468444 0.098114 0.004709 0.001000
0.098114 0.044569 0.000945 -0.000257
0.004709 0.000945 0.491115 0.103330
0.001000 -0.000257 0.103330 0.045721
22.180116 1.111855 29.586098 1.954611
0.462619 0.097345 0.004680 0.000737
0.097345 0.044455 0.000686 -0.000271
0.004680 0.000686 0.495681 0.104190
0.000737 -0.000271 0.104190 0.045834
23.313981 1.234326 30.264344 1.891338
0.457174 0.096655 0.002994 0.000216
0.096655 0.044346 0.000162 -0.000331
0.002994 0.000162 0.500697 0.105058
0.000216 -0.000331 0.105058 0.045946
24.000555 1.248691 31.563594 1.965273
0.452369 0.096088 -0.001086 -0.000706
0.096088 0.044251 -0.000772 -0.000466
-0.001086 -0.000772 0.505719 0.105855
-0.000706 -0.000466 0.105855 0.046043
24.905934 1.308587 32.611535 1.978634
0.447002 0.095373 -0.006201 -0.001721
0.095373 0.044112 -0.001809 -0.000611
-0.006201 -0.001809 0.512304 0.106924
-0.001721 -0.000611 0.106924 0.046201
25.190105 1.229241 33.659404 1.991037
0.441952 0.094711 -0.012593 -0.002888
0.094711 0.043977 -0.003007 -0.000782
-0.012593 -0.003007 0.519482 0.108044
-0.002888 -0.000782 0.108044 0.046371
26.046883 1.281352 34.804684 2.022051
0.436944 0.094033 -0.018139 -0.003773
0.094033 0.043830 -0.003913 -0.000888
-0.018139 -0.003913 0.527428 0.109257
-0.003773 -0.000888 0.109257 0.046560
26.503938 1.241762 35.953984 2.050447
0.432317 0.093416 -0.024151 -0.004692
0.093416 0.043690 -0.004855 -0.001006
-0.024151 -0.004855 0.535804 0.110492
-0.004692 -0.001006 0.110492 0.046755
27.319842 1.283620 36.664690 1.986168
0.427981 0.092837 -0.028935 -0.005307
0.092837 0.043552 -0.005474 -0.001065
-0.028935 -0.005474 0.544270 0.111690
-0.005307 -0.001065 0.111690 0.046945
28.180595 1.331619 37.786397 2.012950
0.424639 0.092446 -0.033608 -0.005887
0.092446 0.043450 -0.006059 -0.001130
-0.033608 -0.006059 0.551786 0.112650
-0.005887 -0.001130 0.112650 0.047091
28.533692 1.262229 38.467925 1.945904
0.421846 0.092136 -0.037001 -0.006203
0.092136 0.043358 -0.006364 -0.001150
-0.037001 -0.006364 0.558426 0.113422
-0.006203 -0.001150 0.113422 0.047207
28.773948 1.175200 39.107130 1.876841
0.419773 0.091946 -0.038625 -0.006187
0.091946 0.043289 -0.006316 -0.001114
-0.038625 -0.006316 0.563383 0.113870
-0.006187 -0.001114 0.113870 0.047270
29.184125 1.134966 39.774113 1.821336
0.418404 0.091870 -0.038531 -0.005880
0.091870 0.043240 -0.005962 -0.001034
-0.038531 -0.005962 0.566430 0.113984
-0.005880 -0.001034 0.113984 0.047282
29.871496 1.162498 40.911259 1.867410
0.417812 0.091920 -0.037074 -0.005376
0.091920 0.043215 -0.005406 -0.000931
-0.037074 -0.005406 0.567433 0.113767
-0.005376 -0.000931 0.113767 0.047244
30.925440 1.267905 42.052427 1.911413
0.418920 0.092303 -0.033158 -0.004462
0.092303 0.043261 -0.004427 -0.000759
-0.033158 -0.004427 0.564272 0.112825
-0.004462 -0.000759 0.112825 0.047082
31.692526 1.294993 42.557723 1.822051
0.422985 0.093272 -0.027173 -0.003235
0.093272 0.043431 -0.003150 -0.000541
-0.027173 -0.003150 0.555268 0.110876
-0.003235 -0.000541 0.110876 0.046744
32.637078 1.360856 43.535391 1.836841
0.428528 0.094440 -0.021283 -0.002149
0.094440 0.043628 -0.002040 -0.000373
-0.021283 -0.002040 0.544332 0.108761
-0.002149 -0.000373 0.108761 0.046404
33.272226 1.348364 43.882705 1.722165
0.438701 0.096498 -0.015333 -0.001128
0.096498 0.044010 -0.001045 -0.000229
-0.015333 -0.001045 0.527237 0.105613
-0.001128 -0.000229 0.105613 0.045877
33.529696 1.257207 44.792075 1.730309
0.449995 0.098596 -0.010796 -0.000465
0.098596 0.044375 -0.000424 -0.000161
-0.010796 -0.000424 0.510545 0.102794
-0.000465 -0.000161 0.102794 0.045440
34.191387 1.266107 46.197678 1.840037
0.464399 0.101185 -0.008281 -0.000235
0.101185 0.044832 -0.000266 -0.000178
-0.008281 -0.000266 0.492187 0.099810
-0.000235 -0.000178 0.099810 0.044973
34.979151 1.298424 46.653663 1.745433
0.485422 0.104990 -0.010207 -0.000885
0.104990 0.045534 -0.001040 -0.000367
-0.010207 -0.001040 0.469973 0.096178
-0.000885 -0.000367 0.096178 0.044370
35.335755 1.236393 47.848835 1.811601
0.507966 0.108806 -0.015171 -0.002076
0.108806 0.046203 -0.002323 -0.000637
-0.015171 -0.002323 0.450439 0.093256
-0.002076 -0.000637 0.093256 0.043909
