-0.845786 0.623773 0.238970 -0.796457
2.053490 0.821414 -0.226717 -0.090689
0.821414 80.332639 -0.090689 -0.036276
-0.226717 -0.090689 3.101368 1.240574
-0.090689 -0.036276 1.240574 80.500307
2.955278 6.894031 1.898895 2.761914
3.282230 5.823712 -1.916059 -3.186153
5.823712 17.482636 -3.354880 -6.223228
-1.916059 -3.354880 3.431138 5.782295
-3.186153 -6.223228 5.782295 19.879814
6.577746 6.903933 0.824957 -0.073020
2.158826 2.399444 -0.209041 0.004148
2.399444 4.359660 -0.086813 -0.197220
-0.209041 -0.086813 1.936880 2.228639
0.004148 -0.197220 2.228639 4.912205
7.814827 5.108879 1.001660 0.047319
1.760352 1.428168 -0.030270 0.025502
1.428168 1.808499 -0.006569 -0.134397
-0.030270 -0.006569 1.680476 1.461761
0.025502 -0.134397 1.461761 2.114433
8.907431 4.145722 3.521429 1.762538
1.476392 0.946127 -0.009039 -0.007969
0.946127 0.923849 -0.021615 -0.096939
-0.009039 -0.021615 1.493038 1.024917
-0.007969 -0.096939 1.024917 1.092926
8.249145 2.705771 3.802559 1.454793
1.168853 0.621910 -0.097134 -0.067637
0.621910 0.511031 -0.075335 -0.091182
-0.097134 -0.075335 1.489445 0.839860
-0.067637 -0.091182 0.839860 0.685389
9.787389 2.779408 5.349713 1.839852
1.001936 0.459249 -0.134660 -0.075520
0.459249 0.323995 -0.080422 -0.067064
-0.134660 -0.080422 1.412766 0.669005
-0.075520 -0.067064 0.669005 0.446745
9.933034 2.265026 7.702779 2.434859
0.903403 0.365092 -0.188456 -0.085848
0.365092 0.225253 -0.088844 -0.054217
-0.188456 -0.088844 1.320358 0.538337
-0.085848 -0.054217 0.538337 0.307168
9.970005 1.874923 8.195647 2.184201
0.868307 0.314107 -0.235701 -0.090471
0.314107 0.170742 -0.092039 -0.044478
-0.235701 -0.092039 1.179658 0.422822
-0.090471 -0.044478 0.422822 0.215498
10.933558 1.883467 9.275395 2.180151
0.832735 0.272346 -0.251537 -0.083573
0.272346 0.133776 -0.084626 -0.034516
-0.251537 -0.084626 1.064978 0.341980
-0.083573 -0.034516 0.341980 0.159594
12.419266 2.045790 9.815179 2.019225
0.790736 0.236388 -0.240313 -0.070384
0.236388 0.107656 -0.071155 -0.025516
-0.240313 -0.071155 0.964127 0.281809
-0.070384 -0.025516 0.281809 0.123317
12.705742 1.841722 10.889009 2.034680
0.737978 0.204013 -0.214352 -0.056070
0.204013 0.088486 -0.056582 -0.018349
-0.214352 -0.056582 0.886046 0.239164
-0.056070 -0.018349 0.239164 0.099830
12.873883 1.650019 12.713764 2.235793
0.696939 0.180329 -0.190291 -0.044962
0.180329 0.075595 -0.045365 -0.013505
-0.190291 -0.045365 0.813662 0.205333
-0.044962 -0.013505 0.205333 0.083383
13.665234 1.636006 12.947775 2.023353
0.666916 0.163263 -0.164948 -0.035417
0.163263 0.066874 -0.035840 -0.009949
-0.164948 -0.035840 0.742406 0.177222
-0.035417 -0.009949 0.177222 0.071425
14.508740 1.645161 14.382365 2.120804
0.635851 0.148615 -0.143329 -0.028229
0.148615 0.060351 -0.028596 -0.007507
-0.143329 -0.028596 0.690441 0.157719
-0.028229 -0.007507 0.157719 0.063529
15.135021 1.604448 15.911531 2.223387
0.608714 0.137090 -0.120653 -0.021789
0.137090 0.055692 -0.022122 -0.005588
-0.120653 -0.022122 0.644858 0.142354
-0.021789 -0.005588 0.142354 0.057859
15.723355 1.556734 16.951366 2.205955
0.586254 0.128273 -0.098845 -0.016312
0.128273 0.052412 -0.016637 -0.004124
-0.098845 -0.016637 0.605431 0.130317
-0.016312 -0.004124 0.130317 0.053784
16.675888 1.587631 17.275540 2.041792
0.567102 0.121394 -0.079891 -0.012028
0.121394 0.050075 -0.012340 -0.003072
-0.079891 -0.012340 0.573748 0.121364
-0.012028 -0.003072 0.121364 0.050948
17.753491 1.646610 18.164317 2.016429
0.549210 0.115700 -0.064411 -0.008879
0.115700 0.048346 -0.009144 -0.002349
-0.064411 -0.009144 0.550580 0.115184
-0.008879 -0.002349 0.115184 0.049071
18.212751 1.565008 18.454848 1.863789
0.533526 0.111207 -0.050501 -0.006293
0.111207 0.047118 -0.006511 -0.001793
-0.050501 -0.006511 0.532640 0.110733
-0.006293 -0.001793 0.110733 0.047792
18.721162 1.511759 19.920720 1.972800
0.520556 0.107819 -0.039723 -0.004508
0.107819 0.046282 -0.004686 -0.001430
-0.039723 -0.004686 0.518928 0.107571
-0.004508 -0.001430 0.107571 0.046928
19.168904 1.451642 21.510611 2.096121
0.510661 0.105466 -0.029939 -0.002984
0.105466 0.045762 -0.003141 -0.001130
-0.029939 -0.003141 0.507388 0.105132
-0.002984 -0.001130 0.105132 0.046306
19.448107 1.358988 22.486796 2.078799
0.502780 0.103786 -0.021238 -0.001718
0.103786 0.045438 -0.001858 -0.000884
-0.021238 -0.001858 0.498369 0.103399
-0.001718 -0.000884 0.103399 0.045887
19.809854 1.293562 23.592845 2.091292
0.496300 0.102558 -0.014197 -0.000805
0.102558 0.045234 -0.000926 -0.000708
-0.014197 -0.000926 0.491841 0.102284
-0.000805 -0.000708 0.102284 0.045627
20.229555 1.243874 23.782069 1.911896
0.490570 0.101587 -0.008512 -0.000153
0.101587 0.045092 -0.000253 -0.000576
-0.008512 -0.000253 0.487694 0.101702
-0.000153 -0.000576 0.101702 0.045489
20.779358 1.229522 25.028457 1.972463
0.485980 0.100915 -0.004630 0.000168
0.100915 0.045012 0.000086 -0.000502
-0.004630 0.000086 0.484949 0.101400
0.000168 -0.000502 0.101400 0.045410
20.957561 1.138490 25.940615 1.956291
0.481269 0.100243 -0.001858 0.000324
0.100243 0.044925 0.000260 -0.000449
-0.001858 0.000260 0.484291 0.101501
0.000324 -0.000449 0.101501 0.045411
21.666148 1.167819 27.242799 2.024429
0.476730 0.099625 0.000158 0.000396
0.099625 0.044840 0.000347 -0.000402
0.000158 0.000347 0.485023 0.101831
0.000396 -0.000402 0.101831 0.045451
22.417818 1.203035 28.664401 2.110494
0.471455 0.098861 0.000685 0.000228
0.098861 0.044717 0.000189 -0.000397
0.000685 0.000189 0.487779 0.102509
0.000228 -0.000397 0.102509 0.045555
23.009206 1.200864 29.854421 2.138820
0.465282 0.097923 -0.000485 -0.000212
0.097923 0.044551 -0.000247 -0.000441
-0.000485 -0.000247 0.492584 0.103522
-0.000212 -0.000441 0.103522 0.045718
23.841604 1.249991 30.692258 2.090100
0.458812 0.096950 -0.002913 -0.000818
0.096950 0.044374 -0.000856 -0.000512
-0.002913 -0.000856 0.498746 0.104706
-0.000818 -0.000512 0.104706 0.045905
24.603789 1.279102 31.743378 2.091308
0.452991 0.096136 -0.006954 -0.001666
0.096136 0.044228 -0.001713 -0.000627
-0.006954 -0.001713 0.505142 0.105824
-0.001666 -0.000627 0.105824 0.046070
24.510256 1.122970 32.239020 1.976611
0.447426 0.095377 -0.012189 -0.002659
0.095377 0.044086 -0.002722 -0.000766
-0.012189 -0.002722 0.512236 0.106995
-0.002659 -0.000766 0.106995 0.046242
24.952612 1.097381 32.807449 1.889205
0.442629 0.094771 -0.015964 -0.003247
0.094771 0.043969 -0.003318 -0.000814
-0.015964 -0.003318 0.518980 0.108009
-0.003247 -0.000814 0.108009 0.046381
25.481316 1.093074 33.738936 1.886472
0.438635 0.094313 -0.019912 -0.003826
0.094313 0.043874 -0.003906 -0.000868
-0.019912 -0.003906 0.525289 0.108877
-0.003826 -0.000868 0.108877 0.046494
26.135709 1.117036 35.199876 1.993486
0.434763 0.093841 -0.024123 -0.004426
0.093841 0.043765 -0.004516 -0.000935
-0.024123 -0.004516 0.532054 0.109808
-0.004426 -0.000935 0.109808 0.046629
27.123196 1.209108 35.730647 1.898518
0.430439 0.093237 -0.028321 -0.004998
0.093237 0.043620 -0.005094 -0.001003
-0.028321 -0.005094 0.540104 0.110973
-0.004998 -0.001003 0.110973 0.046819
27.756203 1.215770 36.862003 1.935856
0.427341 0.092878 -0.033561 -0.005766
0.092878 0.043525 -0.005883 -0.001122
-0.033561 -0.005883 0.547172 0.111889
-0.005766 -0.001122 0.111889 0.046959
28.414283 1.225977 37.602759 1.889740
0.424336 0.092501 -0.037590 -0.006258
0.092501 0.043420 -0.006377 -0.001186
-0.037590 -0.006377 0.554202 0.112785
-0.006258 -0.001186 0.112785 0.047104
28.979031 1.213798 38.142428 1.807356
0.421915 0.092222 -0.040718 -0.006569
0.092222 0.043332 -0.006681 -0.001220
-0.040718 -0.006681 0.560269 0.113481
-0.006569 -0.001220 0.113481 0.047215
29.778845 1.256887 39.204137 1.840175
0.420088 0.092040 -0.042979 -0.006726
0.092040 0.043263 -0.006824 -0.001233
-0.042979 -0.006824 0.565145 0.113955
-0.006726 -0.001233 0.113955 0.047292
30.181610 1.207952 40.265798 1.867485
0.418767 0.091939 -0.042929 -0.006453
0.091939 0.043210 -0.006509 -0.001166
-0.042929 -0.006509 0.568095 0.114089
-0.006453 -0.001166 0.114089 0.047314
30.464848 1.137205 41.193584 1.864488
0.418610 0.092071 -0.039745 -0.005620
0.092071 0.043208 -0.005604 -0.000995
-0.039745 -0.005604 0.567412 0.113577
-0.005620 -0.000995 0.113577 0.047224
31.024418 1.134789 42.052080 1.849680
0.420147 0.092532 -0.034463 -0.004474
0.092532 0.043276 -0.004388 -0.000781
-0.034463 -0.004388 0.562762 0.112402
-0.004474 -0.000781 0.112402 0.047024
31.554480 1.127815 43.202973 1.894653
0.423857 0.093396 -0.028080 -0.003227
0.093396 0.043424 -0.003095 -0.000569
-0.028080 -0.003095 0.554133 0.110601
-0.003227 -0.000569 0.110601 0.046724
32.366813 1.184824 44.578405 1.981581
0.431495 0.095021 -0.020995 -0.001941
0.095021 0.043728 -0.001807 -0.000366
-0.020995 -0.001807 0.539550 0.107809
-0.001941 -0.000366 0.107809 0.046251
33.220749 1.243180 45.755383 2.020145
0.445357 0.097835 -0.015112 -0.000977
0.097835 0.044270 -0.000921 -0.000245
-0.015112 -0.000921 0.517767 0.103815
-0.000977 -0.000245 0.103815 0.045564
34.177346 1.315644 46.564469 1.980859
0.464750 0.101571 -0.012698 -0.000757
0.101571 0.044975 -0.000846 -0.000282
-0.012698 -0.000846 0.492726 0.099454
-0.000757 -0.000282 0.099454 0.044831
35.110266 1.373902 47.121420 1.893329
0.487887 0.105765 -0.014478 -0.001375
0.105765 0.045734 -0.001622 -0.000474
-0.014478 -0.001622 0.468469 0.095511
-0.001375 -0.000474 0.095511 0.044198
35.656445 1.343261 47.911445 1.860563
0.513178 0.110060 -0.020303 -0.002743
0.110060 0.046477 -0.003117 -0.000790
-0.020303 -0.003117 0.447296 0.092368
-0.002743 -0.000790 0.092368 0.043721
