-3.351698 -0.378614 7.522467 2.117005
41.463505 16.585761 -56.479068 -22.592117
16.585761 86.638515 -22.592117 -9.037042
-56.479068 -22.592117 80.538224 32.215988
-22.592117 -9.037042 32.215988 92.890741
0.333903 4.687944 7.983640 4.029285
38.685866 10.034256 -69.137111 -41.707056
10.034256 24.484575 -14.670583 -29.075569
-69.137111 -14.670583 128.639961 79.427521
-41.707056 -29.075569 79.427521 84.263021
4.310173 4.385547 4.729657 1.316386
44.248774 23.571539 -71.896601 -39.358796
23.571539 22.815285 -36.587119 -32.769422
-71.896601 -36.587119 120.642940 65.793925
-39.358796 -32.769422 65.793925 55.594665
11.679460 6.590691 -3.791129 -2.937177
20.524081 13.129899 -21.635377 -11.264501
13.129899 13.796793 -13.269012 -14.451392
-21.635377 -13.269012 24.730512 12.604410
-11.264501 -14.451392 12.604410 18.247328
9.772895 3.733968 0.792642 0.261601
7.669138 3.880104 -3.513427 -0.577731
3.880104 4.941250 -1.839038 -4.623231
-3.513427 -1.839038 2.612444 1.031841
-0.577731 -4.623231 1.031841 7.347267
11.943659 3.286419 2.135640 1.836146
12.645706 6.437902 -6.163973 -3.283763
6.437902 4.719578 -3.581715 -3.903082
-6.163973 -3.581715 4.006668 2.818722
-3.283763 -3.903082 2.818722 4.926107
13.340791 2.797972 4.210992 2.932785
19.654778 8.243417 -9.469983 -4.290059
8.243417 4.142208 -4.323576 -2.835988
-9.469983 -4.323576 5.511253 3.019331
-4.290059 -2.835988 3.019331 2.909193
14.912504 3.450982 3.534760 1.240840
27.998365 9.799808 -13.383419 -5.012350
9.799808 3.804929 -4.932824 -2.290388
-13.383419 -4.932824 7.261112 3.092373
-5.012350 -2.290388 3.092373 1.942829
10.243515 1.241357 8.506961 3.071873
27.753305 7.811834 -11.039687 -2.739878
7.811834 2.430103 -3.274861 -1.073402
-11.039687 -3.274861 5.130423 1.580244
-2.739878 -1.073402 1.580244 0.863768
7.909065 0.536117 11.041619 3.242555
9.180928 2.617941 -5.359438 -1.812060
2.617941 0.912536 -1.683343 -0.724852
-5.359438 -1.683343 3.948453 1.523482
-1.812060 -0.724852 1.523482 0.787052
7.984783 0.490913 12.752092 3.264211
4.458328 1.273457 -3.619477 -1.246121
1.273457 0.488433 -1.171659 -0.503522
-3.619477 -1.171659 3.886296 1.466129
-1.246121 -0.503522 1.466129 0.677163
8.169756 0.489383 14.298950 3.224443
3.319652 0.925769 -3.430345 -1.100848
0.925769 0.354556 -1.066139 -0.410341
-3.430345 -1.066139 4.599550 1.564673
-1.100848 -0.410341 1.564673 0.618926
9.501484 0.743255 15.093455 3.014339
2.701643 0.720998 -3.359251 -0.980447
0.720998 0.269542 -0.975669 -0.333733
-3.359251 -0.975669 5.343678 1.622040
-0.980447 -0.333733 1.622040 0.558085
10.247658 0.829541 16.276058 2.935891
2.635536 0.662399 -3.741381 -0.986583
0.662399 0.230213 -0.987253 -0.296956
-3.741381 -0.987253 6.549288 1.769685
-0.986583 -0.296956 1.769685 0.531399
10.280750 0.743660 18.090551 3.012869
2.451669 0.574042 -3.888528 -0.928417
0.574042 0.188864 -0.928549 -0.250107
-3.888528 -0.928549 7.509415 1.822814
-0.928417 -0.250107 1.822814 0.487885
10.926477 0.803910 19.261166 2.941921
1.690378 0.366676 -2.979165 -0.647824
0.366676 0.127457 -0.637238 -0.161232
-2.979165 -0.637238 6.832348 1.508069
-0.647824 -0.161232 1.508069 0.373317
12.474597 1.043551 18.871347 2.573120
1.140738 0.232026 -2.189422 -0.437238
0.232026 0.090441 -0.408190 -0.099999
-2.189422 -0.408190 6.135893 1.241371
-0.437238 -0.099999 1.241371 0.288393
13.275541 1.104238 19.811390 2.509860
1.086470 0.210510 -2.280226 -0.422254
0.210510 0.080465 -0.380973 -0.085948
-2.280226 -0.380973 6.993344 1.303405
-0.422254 -0.085948 1.303405 0.278147
14.038226 1.150034 20.801553 2.464524
0.914210 0.168539 -2.067113 -0.356001
0.168539 0.068146 -0.293824 -0.063611
-2.067113 -0.293824 7.316896 1.263413
-0.356001 -0.063611 1.263413 0.252176
14.525340 1.132697 22.196833 2.490791
0.656464 0.119031 -1.509745 -0.243121
0.119031 0.056869 -0.155591 -0.036219
-1.509745 -0.155591 6.779015 1.090383
-0.243121 -0.036219 1.090383 0.208794
15.177397 1.145235 23.155361 2.447378
0.402141 0.083271 -0.662463 -0.101149
0.083271 0.050780 0.002988 -0.009425
-0.662463 0.002988 5.010863 0.754657
-0.101149 -0.009425 0.754657 0.146875
16.844066 1.325195 20.931524 1.948397
0.318424 0.081407 -0.111981 -0.018844
0.081407 0.051215 0.091888 0.004113
-0.111981 0.091888 3.740167 0.531318
-0.018844 0.004113 0.531318 0.108810
17.420039 1.293007 21.563109 1.903108
0.318627 0.080556 -0.169183 -0.028179
0.080556 0.047979 0.062147 0.000226
-0.169183 0.062147 4.053174 0.554989
-0.028179 0.000226 0.554989 0.109636
18.262752 1.353388 22.891556 1.948675
0.310338 0.079962 -0.105991 -0.020017
0.079962 0.046286 0.069433 0.001676
-0.105991 0.069433 4.407053 0.580120
-0.020017 0.001676 0.580120 0.110419
18.804857 1.336339 24.871623 2.078964
0.330075 0.091030 0.229900 0.021760
0.091030 0.048721 0.121790 0.008493
0.229900 0.121790 3.358836 0.420022
0.021760 0.008493 0.420022 0.087099
19.459872 1.297086 23.011112 1.718380
0.429697 0.116113 0.345470 0.031303
0.116113 0.053390 0.110390 0.006560
0.345470 0.110390 1.656709 0.196796
0.031303 0.006560 0.196796 0.058596
19.776450 1.213075 23.994255 1.746016
0.504883 0.130362 0.475438 0.043934
0.130362 0.054957 0.127337 0.008808
0.475438 0.127337 1.621522 0.193351
0.043934 0.008808 0.193351 0.058868
20.402973 1.211972 26.172095 1.922289
0.635606 0.155724 0.548521 0.046933
0.155724 0.059125 0.130466 0.008781
0.548521 0.130466 1.315062 0.154767
0.046933 0.008781 0.154767 0.054525
21.150702 1.241812 27.466240 1.963510
0.743781 0.173967 0.443997 0.026068
0.173967 0.061601 0.096191 0.003792
0.443997 0.096191 0.839189 0.099361
0.026068 0.003792 0.099361 0.048592
21.609609 1.211255 28.101653 1.916735
0.856618 0.191542 0.339610 0.005429
0.191542 0.063872 0.067052 -0.000402
0.339610 0.067052 0.577058 0.073896
0.005429 -0.000402 0.073896 0.046626
22.475448 1.253952 29.672208 2.012794
1.002313 0.213754 0.261773 -0.011838
0.213754 0.066930 0.047050 -0.003357
0.261773 0.047050 0.441613 0.064896
-0.011838 -0.003357 0.064896 0.046526
23.114860 1.253532 30.805412 2.037820
1.154674 0.234807 0.169114 -0.031261
0.234807 0.069550 0.026494 -0.006412
0.169114 0.026494 0.359507 0.063348
-0.031261 -0.006412 0.063348 0.047245
23.526726 1.215667 31.628155 2.005141
1.333545 0.258315 0.074504 -0.050854
0.258315 0.072423 0.008027 -0.009167
0.074504 0.008027 0.317700 0.066748
-0.050854 -0.009167 0.066748 0.048307
24.441480 1.268706 32.864202 2.047731
1.550461 0.285816 -0.021286 -0.070047
0.285816 0.075765 -0.008426 -0.011568
-0.021286 -0.008426 0.302648 0.072777
-0.070047 -0.011568 0.072777 0.049318
24.860976 1.232721 33.691653 2.005787
1.779347 0.312211 -0.138104 -0.091956
0.312211 0.078638 -0.026633 -0.014249
-0.138104 -0.026633 0.309192 0.081441
-0.091956 -0.014249 0.081441 0.050547
25.381646 1.216769 34.631110 1.991689
2.049961 0.342510 -0.263541 -0.113726
0.342510 0.081928 -0.044175 -0.016687
-0.263541 -0.044175 0.332011 0.091010
-0.113726 -0.016687 0.091010 0.051533
26.244545 1.259357 35.874168 2.052593
2.357836 0.375414 -0.402996 -0.135980
0.375414 0.085367 -0.062035 -0.019038
-0.402996 -0.062035 0.368873 0.101236
-0.135980 -0.019038 0.101236 0.052351
27.444812 1.354243 37.357535 2.169154
2.687739 0.408088 -0.565718 -0.160564
0.408088 0.088480 -0.081553 -0.021594
-0.565718 -0.081553 0.422731 0.113054
-0.160564 -0.021594 0.113054 0.053350
28.300727 1.382938 38.530204 2.192554
3.022133 0.437761 -0.757329 -0.188568
0.437761 0.090877 -0.103200 -0.024459
-0.757329 -0.103200 0.498723 0.127585
-0.188568 -0.024459 0.127585 0.054820
28.491636 1.295909 39.122132 2.057823
3.385923 0.468543 -0.971555 -0.217760
0.468543 0.093266 -0.125824 -0.027289
-0.971555 -0.125824 0.593217 0.143485
-0.217760 -0.027289 0.143485 0.056370
29.197869 1.304637 40.162743 2.061717
3.818049 0.506161 -1.199877 -0.244993
0.506161 0.096498 -0.148434 -0.029731
-1.199877 -0.148434 0.695669 0.158012
-0.244993 -0.029731 0.158012 0.057365
30.070143 1.336804 41.227339 2.074827
4.288845 0.545404 -1.451771 -0.273093
0.545404 0.099718 -0.172115 -0.032157
-1.451771 -0.172115 0.813865 0.173256
-0.273093 -0.032157 0.173256 0.058403
31.007403 1.370945 42.197756 2.065267
4.786682 0.584294 -1.732053 -0.303317
0.584294 0.102641 -0.197177 -0.034692
-1.732053 -0.197177 0.953107 0.190316
-0.303317 -0.034692 0.190316 0.059730
31.747577 1.376749 43.196692 2.058731
5.301522 0.621405 -2.042738 -0.336137
0.621405 0.105109 -0.223529 -0.037349
-2.042738 -0.223529 1.117660 0.209872
-0.336137 -0.037349 0.209872 0.061452
32.619549 1.391071 44.029463 2.017945
5.858657 0.660474 -2.380662 -0.369593
0.660474 0.107680 -0.250906 -0.039936
-2.380662 -0.250906 1.301766 0.230235
-0.369593 -0.039936 0.230235 0.063167
33.235697 1.370695 44.862714 1.973494
6.433902 0.697935 -2.749351 -0.405247
0.697935 0.109875 -0.279252 -0.042579
-2.749351 -0.279252 1.513293 0.253000
-0.405247 -0.042579 0.253000 0.065199
33.404960 1.289304 45.620531 1.899017
7.062506 0.738704 -3.146817 -0.440902
0.738704 0.112363 -0.308714 -0.045114
-3.146817 -0.308714 1.744099 0.275967
-0.440902 -0.045114 0.275967 0.067077
34.053285 1.283585 46.471818 1.876652
7.783859 0.788352 -3.561669 -0.472088
0.788352 0.115861 -0.339021 -0.047236
-3.561669 -0.339021 1.973749 0.294917
-0.472088 -0.047236 0.294917 0.068062
34.672110 1.254670 47.017301 1.786591
8.551469 0.839218 -4.006952 -0.504393
0.839218 0.119277 -0.370376 -0.049381
-4.006952 -0.370376 2.223529 0.314710
-0.504393 -0.049381 0.314710 0.069145
35.449651 1.283615 48.052062 1.825746
9.353100 0.889283 -4.487859 -0.539440
0.889283 0.122361 -0.402790 -0.051649
-4.487859 -0.402790 2.501602 0.336812
-0.539440 -0.051649 0.336812 0.070557
