1.661764 1.626814 4.811046 1.032413
2.575399 1.030182 -0.261185 -0.104476
1.030182 80.416148 -0.104476 -0.041791
-0.261185 -0.104476 2.388565 0.955447
-0.104476 -0.041791 0.955447 80.386254
4.600043 5.275822 3.217724 -2.623606
2.322049 4.034401 -0.231943 -0.354855
4.034401 15.690851 -0.352809 -1.280656
-0.231943 -0.352809 2.246788 3.939737
-0.354855 -1.280656 3.939737 15.051624
6.520297 4.444820 1.687820 -2.878494
1.977278 2.285184 -0.200243 -0.221382
2.285184 4.604579 -0.220241 -0.435580
-0.200243 -0.220241 2.066829 2.381880
-0.221382 -0.435580 2.381880 4.586365
6.374054 2.438645 1.180758 -2.101046
1.664432 1.410699 -0.168381 -0.139577
1.410699 1.915980 -0.139128 -0.187963
-0.168381 -0.139128 1.801873 1.505818
-0.139577 -0.187963 1.505818 1.941799
7.483535 2.366288 1.112551 -1.459384
1.438989 0.959416 -0.153031 -0.100710
0.959416 0.980527 -0.100635 -0.100695
-0.153031 -0.100635 1.559939 1.018962
-0.100710 -0.100695 1.018962 0.993772
7.399174 1.673038 3.674562 0.307139
1.259750 0.691318 -0.131045 -0.070991
0.691318 0.568673 -0.070917 -0.057327
-0.131045 -0.070917 1.369087 0.734515
-0.070991 -0.057327 0.734515 0.578914
9.597506 2.308967 4.511205 0.617850
1.130878 0.527675 -0.109724 -0.050580
0.527675 0.364063 -0.050470 -0.034716
-0.109724 -0.050470 1.201951 0.547976
-0.050580 -0.034716 0.547976 0.366332
10.287998 2.120342 4.587517 0.525572
1.018942 0.413964 -0.087778 -0.035350
0.413964 0.248407 -0.035193 -0.021610
-0.087778 -0.035193 1.076006 0.427840
-0.035350 -0.021610 0.427840 0.250233
10.547153 1.831532 5.503712 0.757055
0.926204 0.334095 -0.073335 -0.026386
0.334095 0.179345 -0.026243 -0.014523
-0.073335 -0.026243 0.976607 0.345436
-0.026386 -0.014523 0.345436 0.181387
10.134583 1.399216 7.350423 1.227115
0.851086 0.277068 -0.062740 -0.020468
0.277068 0.136181 -0.020348 -0.010246
-0.062740 -0.020348 0.893538 0.285722
-0.020468 -0.010246 0.285722 0.137891
11.518621 1.603121 7.464734 1.080504
0.791135 0.235724 -0.054458 -0.016281
0.235724 0.108202 -0.016181 -0.007478
-0.054458 -0.016181 0.821570 0.240835
-0.016281 -0.007478 0.240835 0.109155
12.171119 1.561954 7.868098 1.043292
0.738084 0.203768 -0.046981 -0.012977
0.203768 0.089099 -0.012892 -0.005543
-0.046981 -0.012892 0.763902 0.207887
-0.012977 -0.005543 0.207887 0.089995
12.652329 1.484529 9.098699 1.224445
0.692795 0.179255 -0.040866 -0.010503
0.179255 0.075906 -0.010431 -0.004200
-0.040866 -0.010431 0.715776 0.182871
-0.010503 -0.004200 0.182871 0.076788
12.841689 1.349466 11.038723 1.546153
0.654954 0.160505 -0.035398 -0.008511
0.160505 0.066704 -0.008450 -0.003217
-0.035398 -0.008450 0.674382 0.163418
-0.008511 -0.003217 0.163418 0.067468
13.712372 1.395410 11.848720 1.554778
0.623774 0.146182 -0.030346 -0.006855
0.146182 0.060239 -0.006803 -0.002476
-0.030346 -0.006803 0.638253 0.148093
-0.006855 -0.002476 0.148093 0.060795
13.444268 1.177215 12.882451 1.611772
0.596927 0.134941 -0.025868 -0.005511
0.134941 0.055607 -0.005467 -0.001920
-0.025868 -0.005467 0.608096 0.136291
-0.005511 -0.001920 0.136291 0.056057
14.196489 1.213828 14.550404 1.799998
0.574590 0.126283 -0.022342 -0.004508
0.126283 0.052319 -0.004472 -0.001517
-0.022342 -0.004472 0.582338 0.127064
-0.004508 -0.001517 0.127064 0.052656
15.336212 1.328739 15.754526 1.865470
0.555828 0.119585 -0.018825 -0.003596
0.119585 0.049981 -0.003567 -0.001188
-0.018825 -0.003567 0.560603 0.119912
-0.003596 -0.001188 0.119912 0.050227
16.077970 1.345940 17.544381 2.046352
0.539886 0.114380 -0.015522 -0.002804
0.114380 0.048320 -0.002780 -0.000924
-0.015522 -0.002780 0.542702 0.114472
-0.002804 -0.000924 0.114472 0.048519
16.742311 1.344027 18.460229 2.023908
0.526700 0.110427 -0.012452 -0.002121
0.110427 0.047164 -0.002101 -0.000712
-0.012452 -0.002101 0.527838 0.110328
-0.002121 -0.000712 0.110328 0.047322
17.154378 1.290419 20.050393 2.143910
0.515752 0.107435 -0.009877 -0.001586
0.107435 0.046368 -0.001571 -0.000553
-0.009877 -0.001571 0.515792 0.107249
-0.001586 -0.000553 0.107249 0.046502
18.129630 1.359461 21.711569 2.266437
0.506859 0.105228 -0.007612 -0.001146
0.105228 0.045838 -0.001135 -0.000428
-0.007612 -0.001135 0.506039 0.104981
-0.001146 -0.000428 0.104981 0.045949
18.776726 1.352461 22.548554 2.204965
0.499562 0.103600 -0.005630 -0.000786
0.103600 0.045488 -0.000777 -0.000329
-0.005630 -0.000777 0.498410 0.103380
-0.000786 -0.000329 0.103380 0.045592
19.101953 1.279626 23.644814 2.203445
0.493677 0.102432 -0.004061 -0.000524
0.102432 0.045268 -0.000517 -0.000257
-0.004061 -0.000517 0.492530 0.102284
-0.000524 -0.000257 0.102284 0.045371
19.850408 1.302094 24.539463 2.160412
0.488996 0.101619 -0.002793 -0.000328
0.101619 0.045135 -0.000323 -0.000203
-0.002793 -0.000323 0.488085 0.101564
-0.000328 -0.000203 0.101564 0.045241
20.394325 1.279592 25.131616 2.058572
0.485274 0.101062 -0.001846 -0.000199
0.101062 0.045059 -0.000194 -0.000164
-0.001846 -0.000194 0.484860 0.101132
-0.000199 -0.000164 0.101132 0.045172
20.834934 1.237960 25.974734 2.019596
0.482389 0.100703 -0.001176 -0.000121
0.100703 0.045020 -0.000118 -0.000137
-0.001176 -0.000118 0.482562 0.100895
-0.000121 -0.000137 0.100895 0.045139
21.637431 1.276351 26.899554 2.001817
0.480142 0.100477 -0.000711 -0.000077
0.100477 0.045001 -0.000074 -0.000117
-0.000711 -0.000074 0.481034 0.100800
-0.000077 -0.000117 0.100800 0.045127
22.358531 1.293756 28.097545 2.043200
0.478360 0.100332 -0.000493 -0.000075
0.100332 0.044989 -0.000073 -0.000106
-0.000493 -0.000073 0.480139 0.100806
-0.000075 -0.000106 0.100806 0.045129
23.042704 1.301595 29.124957 2.044421
0.476865 0.100224 -0.000498 -0.000107
0.100224 0.044976 -0.000106 -0.000102
-0.000498 -0.000106 0.479797 0.100891
-0.000107 -0.000102 0.100891 0.045139
23.531793 1.267546 30.175857 2.050468
0.475600 0.100138 -0.000711 -0.000170
0.100138 0.044960 -0.000169 -0.000103
-0.000711 -0.000169 0.479851 0.101019
-0.000170 -0.000103 0.101019 0.045152
24.146357 1.263445 32.208038 2.262615
0.474464 0.100053 -0.001066 -0.000250
0.100053 0.044938 -0.000249 -0.000108
-0.001066 -0.000249 0.480232 0.101176
-0.000250 -0.000108 0.101176 0.045165
24.927638 1.295044 32.756647 2.139797
0.473050 0.099887 -0.001675 -0.000370
0.099887 0.044894 -0.000369 -0.000121
-0.001675 -0.000369 0.481225 0.101426
-0.000370 -0.000121 0.101426 0.045195
25.832420 1.349426 33.501089 2.071204
0.471918 0.099767 -0.002479 -0.000517
0.099767 0.044859 -0.000517 -0.000140
-0.002479 -0.000517 0.482155 0.101623
-0.000517 -0.000140 0.101623 0.045210
26.481555 1.344008 34.489324 2.061221
0.470955 0.099668 -0.003529 -0.000702
0.099668 0.044827 -0.000703 -0.000166
-0.003529 -0.000703 0.483063 0.101787
-0.000702 -0.000166 0.101787 0.045218
27.192814 1.352314 35.474780 2.051718
0.469984 0.099551 -0.004726 -0.000903
0.099551 0.044790 -0.000904 -0.000196
-0.004726 -0.000904 0.484082 0.101954
-0.000903 -0.000196 0.101954 0.045228
27.222121 1.215320 36.892203 2.133920
0.469001 0.099422 -0.006095 -0.001126
0.099422 0.044750 -0.001129 -0.000231
-0.006095 -0.001129 0.485182 0.102122
-0.001126 -0.000231 0.102122 0.045240
28.048640 1.261666 37.791979 2.098865
0.467646 0.099205 -0.007349 -0.001312
0.099205 0.044692 -0.001315 -0.000257
-0.007349 -0.001315 0.486719 0.102369
-0.001312 -0.000257 0.102369 0.045272
28.705173 1.266977 38.627459 2.053921
0.466386 0.099011 -0.008855 -0.001544
0.099011 0.044641 -0.001548 -0.000295
-0.008855 -0.001548 0.488205 0.102588
-0.001544 -0.000295 0.102588 0.045298
29.525769 1.306618 39.525048 2.026926
0.465203 0.098833 -0.010483 -0.001792
0.098833 0.044595 -0.001796 -0.000338
-0.010483 -0.001796 0.489647 0.102788
-0.001792 -0.000338 0.102788 0.045323
30.189543 1.308723 40.429030 2.003976
0.464099 0.098671 -0.012339 -0.002078
0.098671 0.044553 -0.002085 -0.000389
-0.012339 -0.002085 0.491058 0.102974
-0.002078 -0.000389 0.102974 0.045347
30.596538 1.256652 41.856232 2.092730
0.463016 0.098511 -0.014305 -0.002377
0.098511 0.044513 -0.002385 -0.000443
-0.014305 -0.002385 0.492499 0.103163
-0.002377 -0.000443 0.103163 0.045374
31.023788 1.212836 42.280410 1.962191
0.461567 0.098272 -0.016331 -0.002679
0.098272 0.044455 -0.002688 -0.000498
-0.016331 -0.002688 0.494413 0.103449
-0.002679 -0.000498 0.103449 0.045424
31.693826 1.225480 42.772591 1.860101
0.460410 0.098101 -0.018190 -0.002938
0.098101 0.044415 -0.002947 -0.000544
-0.018190 -0.002947 0.496027 0.103663
-0.002938 -0.000544 0.103663 0.045459
32.686223 1.306468 43.701151 1.860610
0.459534 0.097988 -0.020101 -0.003205
0.097988 0.044387 -0.003216 -0.000595
-0.020101 -0.003216 0.497373 0.103819
-0.003205 -0.000595 0.103819 0.045484
33.403553 1.319532 44.377098 1.807707
0.458754 0.097889 -0.022407 -0.003552
0.097889 0.044360 -0.003567 -0.000663
-0.022407 -0.003567 0.498736 0.103982
-0.003552 -0.000663 0.103982 0.045513
34.176928 1.344479 45.526562 1.859203
0.458111 0.097812 -0.024788 -0.003906
0.097812 0.044338 -0.003926 -0.000733
-0.024788 -0.003926 0.500021 0.104133
-0.003906 -0.000733 0.104133 0.045542
34.719872 1.317171 46.566064 1.881688
0.457311 0.097693 -0.027412 -0.004304
0.097693 0.044305 -0.004327 -0.000813
-0.027412 -0.004327 0.501627 0.104355
-0.004304 -0.000813 0.104355 0.045587
34.525703 1.133828 47.243647 1.824019
0.456353 0.097536 -0.030034 -0.004691
0.097536 0.044264 -0.004715 -0.000890
-0.030034 -0.004715 0.503516 0.104634
-0.004691 -0.000890 0.104634 0.045644
35.172630 1.153075 48.720027 1.941602
0.455160 0.097332 -0.031975 -0.004931
0.097332 0.044215 -0.004950 -0.000935
-0.031975 -0.004950 0.505592 0.104947
-0.004931 -0.000935 0.104947 0.045707
