3.477582 2.353157 3.302500 0.428981
2.053490 0.821414 -0.226717 -0.090689
0.821414 80.332639 -0.090689 -0.036276
-0.226717 -0.090689 3.101368 1.240574
-0.090689 -0.036276 1.240574 80.500307
4.543435 2.120327 1.704893 -2.646595
3.274672 5.828925 -0.950638 -1.548884
5.828925 17.524870 -1.655853 -3.341471
-0.950638 -1.655853 2.148413 3.625421
-1.548884 -3.341471 3.625421 16.253348
3.723013 0.170590 3.107779 0.547143
2.922436 3.168175 -0.582203 -0.512486
3.168175 5.162947 -0.570660 -0.753488
-0.582203 -0.570660 1.714811 2.049318
-0.512486 -0.753488 2.049318 4.621842
3.629814 0.035935 3.688842 0.815969
2.409256 1.868958 -0.930303 -0.740496
1.868958 2.136630 -0.696892 -0.680053
-0.930303 -0.696892 1.910992 1.677668
-0.740496 -0.680053 1.677668 2.225596
5.512502 1.205237 4.835554 1.392222
1.862757 1.133137 -0.901013 -0.553971
1.133137 1.035898 -0.515278 -0.385491
-0.901013 -0.515278 1.975506 1.329149
-0.553971 -0.385491 1.329149 1.241503
7.840237 2.100061 5.517409 1.437341
1.459256 0.740250 -0.705383 -0.345026
0.740250 0.576881 -0.322673 -0.200534
-0.705383 -0.322673 1.802791 0.974711
-0.345026 -0.200534 0.974711 0.719177
8.341481 1.839487 5.634693 1.147308
1.171159 0.515440 -0.505941 -0.204832
0.515440 0.355649 -0.191640 -0.106389
-0.505941 -0.191640 1.584457 0.717321
-0.204832 -0.106389 0.717321 0.445323
9.540216 1.934085 5.345036 0.810937
1.002435 0.392339 -0.396189 -0.139202
0.392339 0.242280 -0.130678 -0.066511
-0.396189 -0.130678 1.414755 0.552288
-0.139202 -0.066511 0.552288 0.298660
10.002579 1.761111 6.278110 0.988071
0.869836 0.308030 -0.298129 -0.092912
0.308030 0.174186 -0.086699 -0.042212
-0.298129 -0.086699 1.267365 0.436721
-0.092912 -0.042212 0.436721 0.212156
10.508527 1.641164 7.014087 1.060327
0.794826 0.257826 -0.260999 -0.074724
0.257826 0.134135 -0.070613 -0.031773
-0.260999 -0.070613 1.150853 0.356247
-0.074724 -0.031773 0.356247 0.158995
10.981216 1.542044 8.129479 1.224343
0.742020 0.222652 -0.239150 -0.063541
0.222652 0.107994 -0.060936 -0.025121
-0.239150 -0.060936 1.048985 0.296221
-0.063541 -0.025121 0.296221 0.124213
11.860660 1.599463 11.439861 1.932378
0.705429 0.197552 -0.223708 -0.055408
0.197552 0.090435 -0.053903 -0.020353
-0.223708 -0.053903 0.954264 0.249199
-0.055408 -0.020353 0.249199 0.100364
12.936182 1.669982 12.089533 1.855836
0.685024 0.180635 -0.196992 -0.045399
0.180635 0.078732 -0.044641 -0.015855
-0.196992 -0.044641 0.842558 0.206095
-0.045399 -0.015855 0.206095 0.082232
13.035232 1.480102 12.538851 1.740775
0.657977 0.164455 -0.171378 -0.036966
0.164455 0.069548 -0.036462 -0.012358
-0.171378 -0.036462 0.763788 0.177438
-0.036966 -0.012358 0.177438 0.070734
13.501530 1.418434 13.904954 1.850560
0.633915 0.151313 -0.151998 -0.030908
0.151313 0.062815 -0.030581 -0.009900
-0.151998 -0.030581 0.703298 0.156941
-0.030908 -0.009900 0.156941 0.062989
14.185327 1.415166 15.142259 1.918318
0.612885 0.140785 -0.132057 -0.025335
0.140785 0.057904 -0.025111 -0.007872
-0.132057 -0.025111 0.651333 0.141004
-0.025335 -0.007872 0.141004 0.057454
14.588920 1.342317 15.531463 1.795057
0.593267 0.132075 -0.112334 -0.020339
0.132075 0.054254 -0.020164 -0.006215
-0.112334 -0.020164 0.608889 0.129035
-0.020339 -0.006215 0.129035 0.053572
15.234846 1.338910 16.691278 1.849998
0.575252 0.124907 -0.096543 -0.016598
0.124907 0.051543 -0.016462 -0.005012
-0.096543 -0.016462 0.576742 0.120548
-0.016598 -0.005012 0.120548 0.050943
16.081880 1.376417 17.548121 1.836972
0.559325 0.119172 -0.081119 -0.013205
0.119172 0.049572 -0.013099 -0.004006
-0.081119 -0.013099 0.550376 0.114138
-0.013205 -0.004006 0.114138 0.049079
16.117031 1.240141 18.678157 1.876566
0.544632 0.114459 -0.066912 -0.010290
0.114459 0.048118 -0.010204 -0.003192
-0.066912 -0.010204 0.530147 0.109593
-0.010290 -0.003192 0.109593 0.047815
16.591028 1.206651 19.184696 1.786091
0.533514 0.111094 -0.054349 -0.007870
0.111094 0.047155 -0.007824 -0.002551
-0.054349 -0.007824 0.513066 0.106063
-0.007870 -0.002551 0.106063 0.046891
17.161954 1.198139 19.791313 1.726399
0.523784 0.108431 -0.043924 -0.006009
0.108431 0.046469 -0.005992 -0.002069
-0.043924 -0.005992 0.500420 0.103690
-0.006009 -0.002069 0.103690 0.046287
17.772654 1.201942 20.907937 1.779259
0.515237 0.106328 -0.034966 -0.004513
0.106328 0.045986 -0.004516 -0.001689
-0.034966 -0.004516 0.491246 0.102155
-0.004513 -0.001689 0.102155 0.045899
18.383443 1.206024 22.230059 1.869722
0.507864 0.104706 -0.026546 -0.003157
0.104706 0.045657 -0.003177 -0.001354
-0.026546 -0.003177 0.484604 0.101186
-0.003157 -0.001354 0.101186 0.045647
18.941298 1.198345 23.582943 1.957244
0.501275 0.103411 -0.018692 -0.001938
0.103411 0.045426 -0.001970 -0.001059
-0.018692 -0.001970 0.480319 0.100696
-0.001938 -0.001059 0.100696 0.045501
19.722103 1.235897 24.562794 1.958072
0.495036 0.102301 -0.011711 -0.000912
0.102301 0.045248 -0.000950 -0.000812
-0.011711 -0.000950 0.478335 0.100633
-0.000912 -0.000812 0.100633 0.045442
20.629462 1.295862 25.540109 1.958370
0.488953 0.101301 -0.006392 -0.000231
0.101301 0.045096 -0.000267 -0.000639
-0.006392 -0.000267 0.478410 0.100919
-0.000231 -0.000639 0.100919 0.045447
21.471414 1.336525 26.761038 2.009737
0.482924 0.100367 -0.002989 0.000080
0.100367 0.044957 0.000050 -0.000541
-0.002989 0.000050 0.480174 0.101458
0.000080 -0.000541 0.101458 0.045496
22.226704 1.354686 27.777355 2.012224
0.476640 0.099419 -0.001455 0.000058
0.099419 0.044810 0.000037 -0.000505
-0.001455 0.000037 0.483560 0.102231
0.000058 -0.000505 0.102231 0.045586
22.619524 1.295111 28.848382 2.025878
0.470474 0.098529 -0.001706 -0.000257
0.098529 0.044670 -0.000271 -0.000522
-0.001706 -0.000271 0.487945 0.103103
-0.000257 -0.000522 0.103103 0.045690
23.183251 1.277485 29.825047 2.018236
0.464252 0.097645 -0.002878 -0.000667
0.097645 0.044523 -0.000679 -0.000550
-0.002878 -0.000679 0.493347 0.104087
-0.000667 -0.000550 0.104087 0.045814
24.029394 1.321283 30.906398 2.033379
0.458210 0.096811 -0.005225 -0.001232
0.096811 0.044379 -0.001247 -0.000605
-0.005225 -0.001247 0.499429 0.105119
-0.001232 -0.000605 0.105119 0.045947
24.669226 1.316769 32.337005 2.120230
0.452340 0.096013 -0.009297 -0.002068
0.096013 0.044235 -0.002093 -0.000713
-0.009297 -0.002093 0.506218 0.106214
-0.002068 -0.000713 0.106214 0.046095
25.724680 1.401447 33.601979 2.163046
0.446014 0.095110 -0.014275 -0.002991
0.095110 0.044060 -0.003032 -0.000834
-0.014275 -0.003032 0.514573 0.107561
-0.002991 -0.000834 0.107561 0.046297
26.646712 1.448816 34.573176 2.140179
0.440144 0.094302 -0.020795 -0.004142
0.094302 0.043898 -0.004208 -0.001002
-0.020795 -0.004208 0.523597 0.108956
-0.004142 -0.001002 0.108956 0.046510
26.682633 1.300111 35.231194 2.054113
0.435232 0.093682 -0.027888 -0.005313
0.093682 0.043768 -0.005409 -0.001172
-0.027888 -0.005409 0.532524 0.110249
-0.005313 -0.001172 0.110249 0.046702
27.215097 1.273366 35.580476 1.914260
0.430982 0.093174 -0.032907 -0.005973
0.093174 0.043653 -0.006077 -0.001234
-0.032907 -0.006077 0.540838 0.111360
-0.005973 -0.001234 0.111360 0.046863
28.130492 1.336103 37.325621 2.076512
0.427990 0.092896 -0.037709 -0.006567
0.092896 0.043579 -0.006683 -0.001295
-0.037709 -0.006683 0.547796 0.112163
-0.006567 -0.001295 0.112163 0.046969
28.586323 1.289262 38.211766 2.044740
0.424575 0.092472 -0.040892 -0.006829
0.092472 0.043462 -0.006928 -0.001296
-0.040892 -0.006928 0.555331 0.113096
-0.006829 -0.001296 0.113096 0.047117
28.761366 1.186635 39.274303 2.050862
0.421830 0.092164 -0.042181 -0.006737
0.092164 0.043367 -0.006799 -0.001239
-0.042181 -0.006799 0.561259 0.113709
-0.006737 -0.001239 0.113709 0.047210
29.670939 1.254352 39.949988 1.981777
0.419983 0.092024 -0.040592 -0.006126
0.092024 0.043306 -0.006122 -0.001091
-0.040592 -0.006122 0.564439 0.113812
-0.006126 -0.001091 0.113812 0.047217
30.801757 1.366026 41.093554 2.015173
0.419168 0.092062 -0.038369 -0.005490
0.092062 0.043280 -0.005436 -0.000965
-0.038369 -0.005436 0.565472 0.113567
-0.005490 -0.000965 0.113567 0.047172
31.810132 1.436945 41.952521 1.987150
0.420570 0.092544 -0.033584 -0.004428
0.092544 0.043348 -0.004319 -0.000767
-0.033584 -0.004319 0.561439 0.112424
-0.004428 -0.000767 0.112424 0.046970
32.438542 1.417033 42.937810 1.985005
0.424704 0.093541 -0.027251 -0.003167
0.093541 0.043520 -0.003022 -0.000549
-0.027251 -0.003022 0.552304 0.110443
-0.003167 -0.000549 0.110443 0.046629
33.090351 1.403120 43.651295 1.928835
0.432790 0.095280 -0.020292 -0.001887
0.095280 0.043840 -0.001748 -0.000346
-0.020292 -0.001748 0.537318 0.107519
-0.001887 -0.000346 0.107519 0.046131
34.160943 1.484373 44.649759 1.937315
0.444049 0.097520 -0.014461 -0.000930
0.097520 0.044245 -0.000839 -0.000221
-0.014461 -0.000839 0.519419 0.104275
-0.000930 -0.000221 0.104275 0.045600
34.335920 1.359385 45.371640 1.885339
0.461906 0.100974 -0.011766 -0.000648
0.100974 0.044890 -0.000686 -0.000243
-0.011766 -0.000686 0.495905 0.100136
-0.000648 -0.000243 0.100136 0.044907
34.593585 1.268982 46.698422 1.962336
0.480668 0.104300 -0.011445 -0.000846
0.104300 0.045468 -0.000995 -0.000344
-0.011445 -0.000995 0.475094 0.096814
-0.000846 -0.000344 0.096814 0.044398
35.072313 1.236485 48.064413 2.041277
0.503178 0.108157 -0.015105 -0.001808
0.108157 0.046138 -0.002071 -0.000583
-0.015105 -0.002071 0.454603 0.093695
-0.001808 -0.000583 0.093695 0.043918
35.676080 1.232587 48.730020 1.967061
0.529338 0.112488 -0.023178 -0.003575
0.112488 0.046885 -0.003922 -0.000956
-0.023178 -0.003922 0.435721 0.090986
-0.003575 -0.000956 0.090986 0.043499
