1.644660 1.619973 1.710808 -0.207709
1.103824 0.441539 0.697768 0.279113
0.441539 80.180686 0.279113 0.111648
0.697768 0.279113 3.076654 1.230688
0.279113 0.111648 1.230688 80.496353
3.058350 2.708816 2.334529 0.991056
3.088980 5.892361 -1.323631 -2.447230
5.892361 15.242417 -2.669114 -2.792606
-1.323631 -2.669114 2.834261 4.903602
-2.447230 -2.792606 4.903602 18.483463
3.386856 1.464247 0.969029 -1.355406
3.227942 3.408756 -1.176287 -0.994407
3.408756 4.526195 -1.062929 -0.489710
-1.176287 -1.062929 2.913709 3.322931
-0.994407 -0.489710 3.322931 5.952969
6.085108 3.013418 1.736398 0.047076
2.466223 1.799735 -0.761022 -0.412123
1.799735 1.683591 -0.489254 -0.160261
-0.761022 -0.489254 1.420616 1.127588
-0.412123 -0.160261 1.127588 1.670681
8.608048 3.604998 1.847635 0.190396
1.737549 0.986039 -0.341046 -0.096842
0.986039 0.754493 -0.126802 0.013823
-0.341046 -0.126802 1.354799 0.915774
-0.096842 0.013823 0.915774 0.977657
9.435405 3.192654 3.293986 0.903780
1.386620 0.653235 -0.116321 0.012746
0.653235 0.426263 -0.009950 0.035892
-0.116321 -0.009950 1.219867 0.687566
0.012746 0.035892 0.687566 0.579748
8.913857 2.368574 5.133062 1.487538
0.509853 0.208881 0.088872 0.061879
0.208881 0.165638 0.064450 0.037937
0.088872 0.064450 1.145376 0.551683
0.061879 0.037937 0.551683 0.381515
10.263954 2.441093 6.629639 1.801628
0.580876 0.222608 0.029560 0.022995
0.222608 0.143014 0.024513 0.012295
0.029560 0.024513 1.094897 0.452890
0.022995 0.012295 0.452890 0.265301
10.902742 2.230821 6.654154 1.477452
0.515539 0.180479 -0.095135 -0.029219
0.180479 0.107268 -0.026454 -0.009628
-0.095135 -0.026454 1.037019 0.375542
-0.029219 -0.009628 0.375542 0.192997
11.913566 2.202896 8.333580 1.781924
0.546196 0.177545 -0.124914 -0.035517
0.177545 0.093366 -0.034399 -0.011178
-0.124914 -0.034399 0.965527 0.312345
-0.035517 -0.011178 0.312345 0.145726
12.542149 2.061863 9.553353 1.874590
0.555865 0.167499 -0.145501 -0.037808
0.167499 0.080803 -0.037797 -0.011067
-0.145501 -0.037797 0.890057 0.261303
-0.037808 -0.011067 0.261303 0.113825
11.773610 1.548115 9.946223 1.708695
0.482421 0.134753 -0.230078 -0.057892
0.134753 0.064616 -0.059047 -0.016076
-0.230078 -0.059047 0.768891 0.207054
-0.057892 -0.016076 0.207054 0.088080
12.513385 1.546069 11.390399 1.859803
0.505199 0.134607 -0.197781 -0.043447
0.134607 0.060748 -0.044772 -0.010834
-0.197781 -0.044772 0.721984 0.182685
-0.043447 -0.010834 0.182685 0.075504
13.241473 1.535570 12.400401 1.878627
0.519396 0.132099 -0.168199 -0.032459
0.132099 0.057143 -0.033814 -0.007401
-0.168199 -0.033814 0.684482 0.164445
-0.032459 -0.007401 0.164445 0.066790
13.519783 1.408369 12.931311 1.774758
0.518367 0.125636 -0.182107 -0.033751
0.125636 0.053187 -0.035690 -0.007593
-0.182107 -0.035690 0.636134 0.145677
-0.033751 -0.007593 0.145677 0.059339
14.649965 1.510584 13.853044 1.790320
0.530027 0.123830 -0.167031 -0.028166
0.123830 0.051265 -0.029832 -0.005947
-0.167031 -0.029832 0.628860 0.139431
-0.028166 -0.005947 0.139431 0.056090
15.365978 1.499359 14.615770 1.760425
0.542135 0.122679 -0.148468 -0.022653
0.122679 0.049938 -0.024122 -0.004554
-0.148468 -0.024122 0.621278 0.134077
-0.022653 -0.004554 0.134077 0.053616
15.959329 1.455500 14.941796 1.638534
0.513521 0.112988 -0.120819 -0.016685
0.112988 0.047039 -0.017803 -0.003355
-0.120819 -0.017803 0.576788 0.121742
-0.016685 -0.003355 0.121742 0.050086
16.769241 1.481382 16.273736 1.748347
0.510855 0.110590 -0.084823 -0.009131
0.110590 0.046233 -0.010084 -0.001837
-0.084823 -0.010084 0.552279 0.115309
-0.009131 -0.001837 0.115309 0.048326
17.452171 1.475681 17.633918 1.849066
0.509035 0.108479 -0.074573 -0.007724
0.108479 0.045569 -0.008680 -0.001761
-0.074573 -0.008680 0.532046 0.110085
-0.007724 -0.001761 0.110085 0.046956
17.856056 1.407322 18.760979 1.886541
0.510592 0.107676 -0.054307 -0.004237
0.107676 0.045354 -0.005093 -0.001175
-0.054307 -0.005093 0.519599 0.107224
-0.004237 -0.001175 0.107224 0.046284
18.759796 1.451414 19.902709 1.930015
0.514519 0.107534 -0.042861 -0.002792
0.107534 0.045325 -0.003500 -0.001008
-0.042861 -0.003500 0.519513 0.107100
-0.002792 -0.001008 0.107100 0.046230
19.156982 1.390403 21.701042 2.098921
0.499395 0.103655 -0.026978 -0.000641
0.103655 0.044568 -0.001276 -0.000719
-0.026978 -0.001276 0.492807 0.101539
-0.000641 -0.000719 0.101539 0.045074
19.598188 1.340359 23.126198 2.174757
0.485070 0.100562 0.003876 0.004611
0.100562 0.044089 0.004091 0.000258
0.003876 0.004091 0.475248 0.098484
0.004611 0.000258 0.098484 0.044557
20.145622 1.315022 24.241234 2.179902
0.494961 0.102712 0.015640 0.005756
0.102712 0.044708 0.005319 0.000381
0.015640 0.005319 0.485779 0.101313
0.005756 0.000381 0.101313 0.045249
20.421003 1.235665 25.245951 2.161149
0.502212 0.104108 0.010533 0.003438
0.104108 0.045101 0.003090 -0.000180
0.010533 0.003090 0.493449 0.103141
0.003438 -0.000180 0.103141 0.045636
20.887137 1.204255 26.270353 2.149289
0.489638 0.101341 0.016413 0.003806
0.101341 0.044603 0.003520 -0.000091
0.016413 0.003520 0.486639 0.101752
0.003806 -0.000091 0.101752 0.045314
22.164864 1.344115 27.520154 2.185477
0.471203 0.097662 0.020814 0.004016
0.097662 0.043957 0.003766 -0.000010
0.020814 0.003766 0.481997 0.100919
0.004016 -0.000010 0.100919 0.045133
22.872586 1.350836 28.918250 2.249486
0.466062 0.097101 0.018144 0.002865
0.097101 0.044001 0.002637 -0.000198
0.018144 0.002637 0.490662 0.102933
0.002865 -0.000198 0.102933 0.045560
23.119857 1.262177 29.690020 2.176626
0.461381 0.096648 0.014380 0.001726
0.096648 0.044037 0.001530 -0.000343
0.014380 0.001530 0.490623 0.102899
0.001726 -0.000343 0.102899 0.045514
23.160711 1.137686 30.822020 2.187639
0.436420 0.091840 0.030936 0.005120
0.091840 0.043110 0.004908 0.000489
0.030936 0.004908 0.488066 0.102267
0.005120 0.000489 0.102267 0.045335
24.164804 1.229827 32.030584 2.209937
0.421198 0.089604 0.006412 -0.000375
0.089604 0.042806 -0.000689 -0.000634
0.006412 -0.000689 0.489902 0.102767
-0.000375 -0.000634 0.102767 0.045445
24.371357 1.142354 33.033874 2.190094
0.416616 0.089634 -0.002625 -0.002061
0.089634 0.042944 -0.002405 -0.000846
-0.002625 -0.002405 0.497292 0.104298
-0.002061 -0.000846 0.104298 0.045744
25.139247 1.187368 33.311278 2.018404
0.408402 0.088662 0.004694 -0.000140
0.088662 0.042793 -0.000345 -0.000261
0.004694 -0.000345 0.484596 0.101423
-0.000140 -0.000261 0.101423 0.045086
26.185720 1.287297 34.011018 1.952508
0.412355 0.090340 -0.005096 -0.002033
0.090340 0.043204 -0.002293 -0.000592
-0.005096 -0.002293 0.489517 0.102571
-0.002033 -0.000592 0.102571 0.045346
26.571032 1.230421 34.975829 1.950502
0.411993 0.090745 -0.006988 -0.002087
0.090745 0.043260 -0.002335 -0.000505
-0.006988 -0.002335 0.501921 0.105145
-0.002087 -0.000505 0.105145 0.045874
27.040743 1.198166 36.058236 1.973002
0.409881 0.090617 -0.011457 -0.002706
0.090617 0.043174 -0.002972 -0.000568
-0.011457 -0.002972 0.516363 0.107898
-0.002706 -0.000568 0.107898 0.046396
27.741267 1.220663 36.980675 1.959680
0.433637 0.096145 -0.015222 -0.003155
0.096145 0.044336 -0.003420 -0.000603
-0.015222 -0.003420 0.530420 0.110328
-0.003155 -0.000603 0.110328 0.046816
28.344662 1.219070 37.861799 1.939262
0.453432 0.100153 -0.023850 -0.004595
0.100153 0.045048 -0.004936 -0.000868
-0.023850 -0.004936 0.542143 0.112086
-0.004595 -0.000868 0.112086 0.047080
28.613045 1.143930 38.606594 1.892527
0.467703 0.102533 -0.027469 -0.004903
0.102533 0.045356 -0.005243 -0.000876
-0.027469 -0.005243 0.546104 0.112159
-0.004903 -0.000876 0.112159 0.047002
29.294072 1.168052 39.743750 1.931785
0.458100 0.099533 -0.029069 -0.004875
0.099533 0.044503 -0.005120 -0.000824
-0.029069 -0.005120 0.558119 0.113970
-0.004875 -0.000824 0.113970 0.047316
30.290355 1.257272 40.722950 1.935700
0.453242 0.097965 -0.030466 -0.004855
0.097965 0.044081 -0.005041 -0.000798
-0.030466 -0.005041 0.563505 0.114350
-0.004855 -0.000798 0.114350 0.047336
31.577466 1.397924 41.262674 1.851495
0.401494 0.086554 -0.017007 -0.002051
0.086554 0.041607 -0.001869 -0.000196
-0.017007 -0.001869 0.553784 0.111797
-0.002051 -0.000196 0.111797 0.046798
31.904854 1.317356 42.304107 1.873545
0.400555 0.087187 -0.020716 -0.002823
0.087187 0.041938 -0.002724 -0.000421
-0.020716 -0.002724 0.557279 0.112184
-0.002823 -0.000421 0.112184 0.046909
32.498267 1.300742 42.547788 1.734045
0.417590 0.091617 -0.021304 -0.002851
0.091617 0.043033 -0.002924 -0.000480
-0.021304 -0.002924 0.532123 0.106858
-0.002851 -0.000480 0.106858 0.045874
33.734248 1.428829 43.198641 1.692527
0.383124 0.084310 0.010986 0.003544
0.084310 0.041442 0.004130 0.000885
0.010986 0.004130 0.510692 0.102927
0.003544 0.000885 0.102927 0.045233
34.510440 1.443514 44.532211 1.791430
0.409484 0.090992 0.005554 0.001928
0.090992 0.043041 0.002249 0.000384
0.005554 0.002249 0.516311 0.104672
0.001928 0.000384 0.104672 0.045744
35.126963 1.419972 45.300050 1.765294
0.437565 0.097276 -0.004849 -0.000520
0.097276 0.044372 -0.000508 -0.000233
-0.004849 -0.000508 0.500457 0.101841
-0.000520 -0.000233 0.101841 0.045256
35.867863 1.426884 46.270728 1.783346
0.462093 0.102094 -0.006939 -0.001021
0.102094 0.045258 -0.001087 -0.000344
-0.006939 -0.001087 0.477865 0.097838
-0.001021 -0.000344 0.097838 0.044547
35.821415 1.260410 46.871199 1.722534
0.479835 0.104936 -0.029961 -0.005795
0.104936 0.045652 -0.006150 -0.001372
-0.029961 -0.006150 0.467024 0.096495
-0.005795 -0.001372 0.096495 0.044404
