1.074820 1.392032 2.879182 0.259650
1.763383 0.705369 0.074354 0.029742
0.705369 80.286220 0.029742 0.011897
0.074354 0.029742 3.504380 1.401782
0.029742 0.011897 1.401782 80.564792
2.986175 3.605069 1.350451 -2.508308
2.913840 5.289257 -1.348354 -2.262439
5.289257 15.861028 -2.466384 -3.927401
-1.348354 -2.466384 3.601660 6.002636
-2.262439 -3.927401 6.002636 21.198745
5.082628 4.077834 2.979148 0.815982
2.695628 2.967131 -0.289897 -0.078446
2.967131 4.734524 -0.297409 -0.164102
-0.289897 -0.297409 0.454668 0.492722
-0.078446 -0.164102 0.492722 3.169857
5.876934 3.102610 3.118150 0.403724
2.315960 1.803399 -0.271456 -0.170876
1.803399 1.985664 -0.195245 -0.182707
-0.271456 -0.195245 1.135054 1.360514
-0.170876 -0.182707 1.360514 2.301271
7.353210 3.062592 4.323224 1.227238
1.777736 1.077179 -0.221094 -0.124423
1.077179 0.947992 -0.126233 -0.106422
-0.221094 -0.126233 1.439459 1.177945
-0.124423 -0.106422 1.177945 1.212078
7.189350 2.211114 4.969437 1.219189
0.990067 0.496969 -0.144567 -0.072289
0.496969 0.423083 -0.068438 -0.055798
-0.144567 -0.068438 1.538516 0.941208
-0.072289 -0.055798 0.941208 0.701164
8.846495 2.458698 6.365822 1.606744
0.972207 0.432937 -0.218272 -0.099461
0.432937 0.304681 -0.094203 -0.056739
-0.218272 -0.094203 1.445817 0.703358
-0.099461 -0.056739 0.703358 0.418665
8.780574 1.939790 5.720448 1.013419
0.687122 0.271234 -0.364800 -0.145392
0.271234 0.184564 -0.139851 -0.065002
-0.364800 -0.139851 1.358088 0.549949
-0.145392 -0.065002 0.549949 0.275813
9.474628 1.837477 6.160672 0.988690
0.695518 0.252848 -0.325237 -0.110105
0.252848 0.149016 -0.106684 -0.042619
-0.325237 -0.106684 1.262566 0.440040
-0.110105 -0.042619 0.440040 0.194025
10.326247 1.834016 8.146820 1.448999
0.720879 0.240820 -0.279987 -0.082233
0.240820 0.124858 -0.080893 -0.028589
-0.279987 -0.080893 1.085905 0.333708
-0.082233 -0.028589 0.333708 0.136131
12.115234 2.110596 9.233095 1.555339
0.700279 0.215099 -0.227955 -0.059138
0.215099 0.102509 -0.057909 -0.018760
-0.227955 -0.057909 0.968599 0.268578
-0.059138 -0.018760 0.268578 0.103887
12.201579 1.843689 10.956602 1.791365
0.699792 0.199319 -0.186109 -0.043164
0.199319 0.088147 -0.042493 -0.012849
-0.186109 -0.042493 0.846828 0.215706
-0.043164 -0.012849 0.215706 0.081883
13.037992 1.816941 11.545735 1.717411
0.681253 0.180512 -0.198697 -0.043142
0.180512 0.075989 -0.043541 -0.011979
-0.198697 -0.043541 0.792410 0.188437
-0.043142 -0.011979 0.188437 0.070294
13.752339 1.765816 12.240346 1.678754
0.604246 0.150626 -0.173372 -0.034904
0.150626 0.063687 -0.035271 -0.009250
-0.173372 -0.035271 0.688524 0.154951
-0.034904 -0.009250 0.154951 0.059542
13.905709 1.600964 13.973590 1.867989
0.598047 0.142598 -0.153337 -0.028443
0.142598 0.058887 -0.028992 -0.007216
-0.153337 -0.028992 0.627331 0.135857
-0.028443 -0.007216 0.135857 0.053679
14.813322 1.622388 14.640911 1.812140
0.595147 0.136513 -0.140694 -0.024367
0.136513 0.055440 -0.024686 -0.005876
-0.140694 -0.024686 0.614586 0.129718
-0.024367 -0.005876 0.129718 0.051453
15.521490 1.600346 15.632666 1.829011
0.602206 0.133631 -0.131953 -0.021497
0.133631 0.053357 -0.021779 -0.004976
-0.131953 -0.021779 0.606536 0.125468
-0.021497 -0.004976 0.125468 0.049984
15.796672 1.482817 16.312872 1.775257
0.558197 0.120373 -0.110210 -0.016813
0.120373 0.049464 -0.017031 -0.003920
-0.110210 -0.017031 0.549190 0.111889
-0.016813 -0.003920 0.111889 0.046862
16.693930 1.517215 17.283862 1.794026
0.538302 0.114035 -0.093372 -0.013310
0.114035 0.047617 -0.013403 -0.003125
-0.093372 -0.013403 0.525679 0.106714
-0.013310 -0.003125 0.106714 0.045803
18.074445 1.644877 17.873526 1.737742
0.516108 0.108153 -0.071326 -0.009057
0.108153 0.046155 -0.008898 -0.002215
-0.071326 -0.008898 0.513115 0.104380
-0.009057 -0.002215 0.104380 0.045438
18.100701 1.486371 19.503602 1.885941
0.511564 0.106807 -0.039321 -0.002899
0.106807 0.045852 -0.002823 -0.001000
-0.039321 -0.002823 0.491155 0.100419
-0.002899 -0.001000 0.100419 0.044779
18.511695 1.417292 20.464523 1.886822
0.519217 0.107907 -0.035013 -0.002812
0.107907 0.046047 -0.002765 -0.001081
-0.035013 -0.002765 0.495223 0.101852
-0.002812 -0.001081 0.101852 0.045203
18.736146 1.311009 20.622784 1.720927
0.488548 0.100995 -0.036490 -0.004091
0.100995 0.044577 -0.004072 -0.001460
-0.036490 -0.004072 0.463418 0.095633
-0.004091 -0.001460 0.095633 0.043976
19.717983 1.381329 21.879558 1.805709
0.472842 0.098037 -0.020370 -0.001322
0.098037 0.044099 -0.001298 -0.000893
-0.020370 -0.001298 0.452295 0.094323
-0.001322 -0.000893 0.094323 0.043871
20.321804 1.365238 23.181896 1.889488
0.472706 0.098510 -0.015073 -0.000865
0.098510 0.044343 -0.000840 -0.000814
-0.015073 -0.000840 0.455271 0.095888
-0.000865 -0.000814 0.095888 0.044318
21.084851 1.383764 24.572712 1.984410
0.463136 0.096939 -0.005120 0.000623
0.096939 0.044118 0.000642 -0.000505
-0.005120 0.000642 0.452959 0.096068
0.000623 -0.000505 0.096068 0.044398
21.228773 1.268408 25.542242 1.978277
0.463253 0.097458 -0.007847 -0.000576
0.097458 0.044320 -0.000542 -0.000758
-0.007847 -0.000542 0.457108 0.097453
-0.000576 -0.000758 0.097453 0.044691
21.833555 1.262240 26.561454 1.984662
0.462425 0.097670 -0.012203 -0.001896
0.097670 0.044418 -0.001846 -0.000992
-0.012203 -0.001846 0.463186 0.099026
-0.001896 -0.000992 0.099026 0.044980
22.585484 1.287560 27.319044 1.934581
0.453793 0.096168 -0.006474 -0.000851
0.096168 0.044129 -0.000815 -0.000694
-0.006474 -0.000815 0.460559 0.098531
-0.000851 -0.000694 0.098531 0.044797
23.632510 1.373349 28.238641 1.924660
0.448808 0.095533 0.013795 0.003276
0.095533 0.044035 0.003285 0.000241
0.013795 0.003285 0.463273 0.099194
0.003276 0.000241 0.099194 0.044879
24.400153 1.390488 29.580607 2.005884
0.431770 0.092302 -0.003031 -0.000860
0.092302 0.043373 -0.000857 -0.000659
-0.003031 -0.000857 0.464953 0.099529
-0.000860 -0.000659 0.099529 0.044882
25.210074 1.415270 30.405748 1.967788
0.449332 0.096725 -0.000975 -0.000479
0.096725 0.044387 -0.000472 -0.000495
-0.000975 -0.000472 0.481683 0.103020
-0.000479 -0.000495 0.103020 0.045561
25.447916 1.313825 31.695885 2.033344
0.446077 0.096139 -0.000843 -0.000493
0.096139 0.044208 -0.000499 -0.000431
-0.000843 -0.000499 0.498584 0.106193
-0.000493 -0.000431 0.106193 0.046119
25.139676 1.105670 32.503424 1.989791
0.436172 0.094138 -0.010944 -0.002633
0.094138 0.043738 -0.002691 -0.000831
-0.010944 -0.002691 0.504262 0.106712
-0.002633 -0.000831 0.106712 0.046086
25.548827 1.074513 33.787453 2.050635
0.416273 0.090116 -0.025156 -0.005400
0.090116 0.042863 -0.005541 -0.001336
-0.025156 -0.005541 0.513082 0.107910
-0.005400 -0.001336 0.107910 0.046230
26.282692 1.117414 34.858737 2.060396
0.426173 0.092888 -0.025223 -0.004940
0.092888 0.043523 -0.005049 -0.001109
-0.025223 -0.005049 0.526700 0.110068
-0.004940 -0.001109 0.110068 0.046589
27.091180 1.172047 35.903768 2.063868
0.436973 0.095492 -0.025203 -0.004543
0.095492 0.044063 -0.004628 -0.000938
-0.025203 -0.004628 0.538314 0.111684
-0.004543 -0.000938 0.111684 0.046832
27.942609 1.229870 36.860225 2.048890
0.434993 0.094979 -0.029580 -0.005156
0.094979 0.043864 -0.005260 -0.001023
-0.029580 -0.005260 0.544599 0.112138
-0.005156 -0.001023 0.112138 0.046843
28.465256 1.208846 37.577950 1.985852
0.437368 0.095454 -0.031646 -0.005261
0.095454 0.043905 -0.005379 -0.001006
-0.031646 -0.005379 0.544788 0.111422
-0.005261 -0.001006 0.111422 0.046648
29.156123 1.227447 38.491460 1.969965
0.427795 0.093257 -0.034162 -0.005531
0.093257 0.043362 -0.005612 -0.001036
-0.034162 -0.005612 0.549813 0.111875
-0.005531 -0.001036 0.111875 0.046735
30.016656 1.279973 39.110500 1.896706
0.409634 0.089393 -0.035520 -0.005617
0.089393 0.042507 -0.005644 -0.001041
-0.035520 -0.005644 0.547101 0.110817
-0.005617 -0.001041 0.110817 0.046530
31.219782 1.404870 40.323220 1.952651
0.405190 0.088880 -0.034916 -0.005284
0.088880 0.042454 -0.005216 -0.000950
-0.034916 -0.005216 0.560675 0.113254
-0.005284 -0.000950 0.113254 0.047068
32.025848 1.426333 40.997500 1.892288
0.396583 0.087443 -0.029461 -0.004066
0.087443 0.042181 -0.003900 -0.000702
-0.029461 -0.003900 0.553396 0.111352
-0.004066 -0.000702 0.111352 0.046700
32.700448 1.419922 42.397050 1.983284
0.427017 0.094670 -0.037148 -0.005448
0.094670 0.043818 -0.005556 -0.001036
-0.037148 -0.005556 0.567107 0.113868
-0.005448 -0.001036 0.113868 0.047254
33.418617 1.421868 43.414653 1.988529
0.420209 0.092941 -0.022383 -0.002410
0.092941 0.043326 -0.002232 -0.000389
-0.022383 -0.002232 0.550874 0.110315
-0.002410 -0.000389 0.110315 0.046573
33.861106 1.361633 44.217236 1.948891
0.448474 0.099028 -0.032737 -0.004538
0.099028 0.044594 -0.004799 -0.000941
-0.032737 -0.004799 0.537403 0.107583
-0.004538 -0.000941 0.107583 0.046097
34.542669 1.363125 45.483014 2.007458
0.474163 0.103951 -0.033750 -0.004615
0.103951 0.045506 -0.005007 -0.000973
-0.033750 -0.005007 0.527064 0.105795
-0.004615 -0.000973 0.105795 0.045855
35.044217 1.325091 46.721008 2.053914
0.483747 0.104945 -0.028078 -0.003428
0.104945 0.045516 -0.003820 -0.000742
-0.028078 -0.003820 0.500529 0.100911
-0.003428 -0.000742 0.100911 0.044996
35.853358 1.353256 46.976952 1.897627
0.487920 0.104871 -0.004750 0.001221
0.104871 0.045361 0.000828 0.000172
-0.004750 0.000828 0.425689 0.086631
0.001221 0.000172 0.086631 0.042278
35.830414 1.203737 47.784744 1.865845
0.503529 0.107205 -0.025762 -0.003640
0.107205 0.045743 -0.004111 -0.000949
-0.025762 -0.004111 0.424437 0.088344
-0.003640 -0.000949 0.088344 0.042953
