1.483659 1.555571 2.101901 -0.051268
1.425547 0.570231 0.382274 0.152913
0.570231 80.232164 0.152913 0.061166
0.382274 0.152913 3.323770 1.329537
0.152913 0.061166 1.329537 80.535893
4.976335 6.566664 2.071734 -0.150064
2.856512 5.315136 -1.274352 -2.235510
5.315136 15.038097 -2.457486 -3.184861
-1.274352 -2.457486 3.137630 5.310716
-2.235510 -3.184861 5.310716 19.696490
4.648152 2.562369 1.339915 -1.325812
1.275500 1.447669 0.791434 1.070306
1.447669 2.839812 0.954133 1.391599
0.791434 0.954133 1.425563 1.758259
1.070306 1.391599 1.758259 4.561440
5.808983 2.407683 1.691914 -0.313088
1.444564 1.240146 0.237037 0.084488
1.240146 1.507765 0.150654 0.082046
0.237037 0.150654 1.103307 1.062956
0.084488 0.082046 1.062956 1.805629
5.888195 1.639805 3.106828 0.937720
1.396946 0.908026 0.280367 0.140142
0.908026 0.802082 0.166584 0.119504
0.280367 0.166584 0.819634 0.607341
0.140142 0.119504 0.607341 0.778191
6.399975 1.476711 3.707767 1.031392
1.398489 0.733329 0.060726 -0.012272
0.733329 0.506410 0.021235 0.011968
0.060726 0.021235 1.016131 0.633296
-0.012272 0.011968 0.633296 0.562928
7.403638 1.590821 5.541937 1.701962
1.323572 0.579001 -0.101874 -0.076343
0.579001 0.332739 -0.046126 -0.018144
-0.101874 -0.046126 1.079542 0.554874
-0.076343 -0.018144 0.554874 0.384208
8.285985 1.619443 5.494827 1.313735
1.208448 0.453788 -0.207010 -0.097296
0.453788 0.227469 -0.072399 -0.023644
-0.207010 -0.072399 1.206809 0.522273
-0.097296 -0.023644 0.522273 0.291754
9.408157 1.723231 6.151312 1.313868
1.133135 0.374557 -0.227546 -0.083544
0.374557 0.168103 -0.065911 -0.017012
-0.227546 -0.065911 1.187055 0.440828
-0.083544 -0.017012 0.440828 0.211855
10.561876 1.834092 9.125716 2.073004
0.935235 0.277355 -0.193670 -0.058392
0.277355 0.118865 -0.047848 -0.009287
-0.193670 -0.047848 0.980836 0.319624
-0.058392 -0.009287 0.319624 0.142372
11.426754 1.823405 10.467796 2.162687
0.881941 0.239514 -0.209257 -0.054310
0.239514 0.096904 -0.046335 -0.008298
-0.209257 -0.046335 0.933836 0.273650
-0.054310 -0.008298 0.273650 0.112524
12.253433 1.799812 11.406813 2.123325
0.814442 0.205414 -0.194190 -0.043772
0.205414 0.080668 -0.038064 -0.005837
-0.194190 -0.038064 0.872191 0.233578
-0.043772 -0.005837 0.233578 0.091315
12.668791 1.676770 12.011121 2.002627
0.756816 0.179077 -0.213880 -0.044455
0.179077 0.069340 -0.039973 -0.006412
-0.213880 -0.039973 0.813818 0.201652
-0.044455 -0.006412 0.201652 0.076556
12.693840 1.493394 13.231474 2.043099
0.698233 0.157231 -0.200597 -0.037714
0.157231 0.061204 -0.034886 -0.005255
-0.200597 -0.034886 0.723218 0.168237
-0.037714 -0.005255 0.168237 0.064445
13.758142 1.563347 14.226717 2.042087
0.662965 0.144221 -0.161692 -0.026269
0.144221 0.056484 -0.024239 -0.002950
-0.161692 -0.024239 0.689041 0.153368
-0.026269 -0.002950 0.153368 0.058727
14.084090 1.472412 15.667240 2.126250
0.665008 0.140738 -0.142838 -0.020479
0.140738 0.054493 -0.019329 -0.002086
-0.142838 -0.019329 0.666693 0.143091
-0.020479 -0.002086 0.143091 0.054927
15.056637 1.524933 16.904799 2.166930
0.632585 0.131034 -0.099608 -0.011025
0.131034 0.051649 -0.010264 -0.000554
-0.099608 -0.010264 0.631220 0.132026
-0.011025 -0.000554 0.132026 0.051674
15.902290 1.534457 17.503975 2.067918
0.595950 0.121271 -0.084923 -0.008721
0.121271 0.049108 -0.008185 -0.000614
-0.084923 -0.008185 0.592595 0.121406
-0.008721 -0.000614 0.121406 0.048907
16.161284 1.435840 18.864695 2.127637
0.589472 0.118856 -0.070059 -0.006173
0.118856 0.048406 -0.005997 -0.000494
-0.070059 -0.005997 0.569377 0.115315
-0.006173 -0.000494 0.115315 0.047453
16.658476 1.390804 19.887136 2.116485
0.562403 0.112721 -0.049419 -0.002965
0.112721 0.047081 -0.002963 -0.000225
-0.049419 -0.002963 0.534285 0.107658
-0.002965 -0.000225 0.107658 0.045883
17.592348 1.435726 20.682771 2.065914
0.547141 0.109601 -0.030045 -0.000080
0.109601 0.046507 -0.000057 0.000080
-0.030045 -0.000057 0.524086 0.105817
-0.000080 0.000080 0.105817 0.045643
18.113843 1.389920 21.040201 1.927117
0.516124 0.103482 -0.024415 -0.000273
0.103482 0.045351 -0.000294 -0.000254
-0.024415 -0.000294 0.490806 0.099329
-0.000273 -0.000254 0.099329 0.044443
18.986737 1.427118 22.166301 1.961655
0.505417 0.101997 -0.019180 -0.000188
0.101997 0.045218 -0.000189 -0.000394
-0.019180 -0.000189 0.483984 0.098787
-0.000188 -0.000394 0.098787 0.044536
19.428769 1.367932 22.492245 1.825172
0.491879 0.099966 -0.019092 -0.001053
0.099966 0.044946 -0.001060 -0.000684
-0.019092 -0.001060 0.469687 0.096635
-0.001053 -0.000684 0.096635 0.044244
19.844170 1.311019 23.023284 1.744605
0.487410 0.099926 -0.010068 0.000191
0.099926 0.045079 0.000166 -0.000470
-0.010068 0.000166 0.466120 0.096841
0.000191 -0.000470 0.096841 0.044437
20.517602 1.315793 24.203568 1.809182
0.474307 0.097931 -0.015967 -0.001719
0.097931 0.044747 -0.001700 -0.000900
-0.015967 -0.001700 0.459504 0.096202
-0.001719 -0.000900 0.096202 0.044381
21.180426 1.317266 25.268594 1.843050
0.472613 0.098415 -0.007785 -0.000341
0.098415 0.044932 -0.000329 -0.000579
-0.007785 -0.000329 0.464275 0.097948
-0.000341 -0.000579 0.097948 0.044808
21.937523 1.337609 26.036391 1.810659
0.471802 0.098892 -0.006177 -0.000402
0.098892 0.045061 -0.000387 -0.000575
-0.006177 -0.000387 0.468111 0.099198
-0.000402 -0.000575 0.099198 0.045060
21.873088 1.183113 26.915175 1.804092
0.459409 0.096768 -0.007550 -0.001022
0.096768 0.044604 -0.000997 -0.000676
-0.007550 -0.000997 0.464068 0.098566
-0.001022 -0.000676 0.098566 0.044874
22.871310 1.270093 28.699578 1.992300
0.457075 0.096865 -0.008047 -0.001312
0.096865 0.044633 -0.001273 -0.000684
-0.008047 -0.001273 0.482017 0.102613
-0.001312 -0.000684 0.102613 0.045693
23.534391 1.275929 29.500317 1.950805
0.457917 0.097520 -0.004699 -0.000702
0.097520 0.044754 -0.000666 -0.000497
-0.004699 -0.000666 0.487186 0.103496
-0.000702 -0.000497 0.103496 0.045762
24.339860 1.311681 30.395724 1.933924
0.458334 0.097921 -0.006012 -0.001099
0.097921 0.044792 -0.001069 -0.000539
-0.006012 -0.001069 0.494230 0.104685
-0.001099 -0.000539 0.104685 0.045902
24.741054 1.257247 31.597009 1.983298
0.460890 0.098665 -0.005843 -0.001105
0.098665 0.044889 -0.001076 -0.000489
-0.005843 -0.001076 0.511003 0.107827
-0.001105 -0.000489 0.107827 0.046459
25.249004 1.231236 32.060244 1.872449
0.441724 0.094626 -0.002697 -0.000465
0.094626 0.043948 -0.000427 -0.000308
-0.002697 -0.000427 0.498517 0.104551
-0.000465 -0.000308 0.104551 0.045638
26.456000 1.358610 33.753248 2.030807
0.423119 0.091031 -0.021144 -0.004381
0.091031 0.043177 -0.004456 -0.001122
-0.021144 -0.004456 0.513590 0.107428
-0.004381 -0.001122 0.107428 0.046205
26.820470 1.290323 34.732276 2.022969
0.419425 0.090910 -0.019537 -0.003717
0.090910 0.043201 -0.003754 -0.000878
-0.019537 -0.003754 0.520563 0.108377
-0.003717 -0.000878 0.108377 0.046333
27.330131 1.260646 35.666509 2.006775
0.406157 0.088588 -0.019848 -0.003559
0.088588 0.042710 -0.003569 -0.000783
-0.019848 -0.003569 0.522924 0.108341
-0.003559 -0.000783 0.108341 0.046266
28.267436 1.328059 36.619887 1.997013
0.404240 0.088849 -0.024290 -0.004276
0.088849 0.042795 -0.004329 -0.000900
-0.024290 -0.004329 0.529348 0.109214
-0.004276 -0.000900 0.109214 0.046413
28.979538 1.337950 37.314608 1.934679
0.400917 0.088635 -0.031771 -0.005579
0.088635 0.042734 -0.005725 -0.001149
-0.031771 -0.005725 0.531353 0.109154
-0.005579 -0.001149 0.109154 0.046371
29.540123 1.314336 38.437478 1.966208
0.366366 0.081377 -0.038343 -0.006705
0.081377 0.041087 -0.006795 -0.001344
-0.038343 -0.006795 0.541820 0.110904
-0.006705 -0.001344 0.110904 0.046721
30.180455 1.312775 39.955852 2.075397
0.374627 0.084289 -0.042191 -0.007063
0.084289 0.041831 -0.007152 -0.001358
-0.042191 -0.007152 0.565375 0.115229
-0.007063 -0.001358 0.115229 0.047582
31.319252 1.421958 40.916225 2.062103
0.326200 0.073950 -0.027899 -0.004044
0.073950 0.039470 -0.003514 -0.000643
-0.027899 -0.003514 0.568059 0.115058
-0.004044 -0.000643 0.115058 0.047487
31.451592 1.288150 41.998587 2.069553
0.337547 0.078050 -0.031245 -0.004610
0.078050 0.040555 -0.004337 -0.000829
-0.031245 -0.004337 0.569840 0.114738
-0.004610 -0.000829 0.114738 0.047382
34.103733 1.753277 42.085094 1.889525
0.223882 0.052754 0.065070 0.014209
0.052754 0.034712 0.017892 0.003476
0.065070 0.017892 0.506269 0.101947
0.014209 0.003476 0.101947 0.044908
34.571306 1.650990 42.999716 1.884408
0.252771 0.063160 0.050778 0.009690
0.063160 0.037672 0.011981 0.001943
0.050778 0.011981 0.507752 0.102966
0.009690 0.001943 0.102966 0.045317
35.097502 1.574539 43.878395 1.873290
0.288203 0.073740 0.035507 0.005459
0.073740 0.040264 0.006701 0.000724
0.035507 0.006701 0.503484 0.102715
0.005459 0.000724 0.102715 0.045410
35.790350 1.547080 45.373099 1.988659
0.332132 0.084935 0.019505 0.001546
0.084935 0.042685 0.001996 -0.000242
0.019505 0.001996 0.510221 0.104695
0.001546 -0.000242 0.104695 0.045927
36.589842 1.559855 45.234746 1.755274
0.366771 0.092076 0.024488 0.002521
0.092076 0.043790 0.003819 0.000265
0.024488 0.003819 0.423598 0.087046
0.002521 0.000265 0.087046 0.042300
36.923143 1.449777 46.202518 1.777232
0.404778 0.099303 0.002619 -0.002182
0.099303 0.044915 -0.001704 -0.000816
0.002619 -0.001704 0.429305 0.090210
-0.002182 -0.000816 0.090210 0.043290
37.484080 1.410011 47.248431 1.811608
0.448753 0.107100 -0.014856 -0.005507
0.107100 0.046133 -0.005317 -0.001416
-0.014856 -0.005317 0.423251 0.090275
-0.005507 -0.001416 0.090275 0.043440
