-0.651923 0.701320 3.099510 0.347784
3.150202 1.260108 -1.078847 -0.431548
1.260108 80.508121 -0.431548 -0.172623
-1.078847 -0.431548 4.595290 1.838156
-0.431548 -0.172623 1.838156 80.739345
4.896240 9.382265 1.528111 -2.014180
1.525474 2.494654 -1.180906 -1.756636
2.494654 14.202023 -1.714987 -5.181885
-1.180906 -1.714987 3.630601 5.679900
-1.756636 -5.181885 5.679900 22.552033
9.112632 8.841064 1.524033 -0.889378
1.549647 2.046069 0.135274 0.260508
2.046069 4.670142 0.314944 -0.361591
0.135274 0.314944 1.674910 1.940862
0.260508 -0.361591 1.940862 5.548851
8.187966 3.909589 1.114838 -0.592214
0.445897 0.388121 0.671269 0.612995
0.388121 0.976094 0.564634 0.242594
0.671269 0.564634 1.580268 1.461743
0.612995 0.242594 1.461743 2.448699
10.362831 3.718300 3.029671 1.261686
0.569181 0.514908 0.425330 0.149044
0.514908 0.690466 0.219417 -0.024037
0.425330 0.219417 1.184695 0.872248
0.149044 -0.024037 0.872248 1.091142
11.016657 2.925095 2.758256 0.915694
0.753757 0.531487 0.213361 -0.016348
0.531487 0.471992 0.023488 -0.076923
0.213361 0.023488 1.316887 0.828743
-0.016348 -0.076923 0.828743 0.736729
11.505637 2.358373 3.705434 1.281871
0.889221 0.490847 0.053269 -0.072425
0.490847 0.323965 -0.038445 -0.057865
0.053269 -0.038445 1.270702 0.659632
-0.072425 -0.057865 0.659632 0.461511
11.863893 1.958748 5.455578 1.817516
0.835282 0.374719 -0.039913 -0.071164
0.374719 0.203592 -0.052392 -0.033352
-0.039913 -0.052392 1.179153 0.515790
-0.071164 -0.033352 0.515790 0.300981
10.930757 1.228952 6.876406 2.080069
0.607675 0.231256 -0.122357 -0.068304
0.231256 0.115463 -0.063300 -0.022081
-0.122357 -0.063300 1.100603 0.416930
-0.068304 -0.022081 0.416930 0.211356
11.050538 1.060471 8.521613 2.289234
0.623561 0.208475 -0.142716 -0.058184
0.208475 0.093116 -0.053736 -0.013825
-0.142716 -0.053736 0.991514 0.331027
-0.058184 -0.013825 0.331027 0.152093
11.257792 0.963740 9.761652 2.319528
0.646888 0.193737 -0.162006 -0.051964
0.193737 0.079384 -0.048595 -0.009881
-0.162006 -0.048595 0.921381 0.276570
-0.051964 -0.009881 0.276570 0.117599
11.670451 0.942995 10.498277 2.203171
0.641386 0.174762 -0.178938 -0.047596
0.174762 0.068022 -0.045335 -0.007773
-0.178938 -0.045335 0.852218 0.233582
-0.047596 -0.007773 0.233582 0.094328
12.501427 1.027658 10.733520 1.984490
0.606480 0.152815 -0.164296 -0.037172
0.152815 0.058592 -0.035672 -0.004765
-0.164296 -0.035672 0.788884 0.200432
-0.037172 -0.004765 0.200432 0.078583
12.958345 1.021865 12.494015 2.169038
0.605643 0.143651 -0.134307 -0.025244
0.143651 0.054219 -0.024755 -0.002027
-0.134307 -0.024755 0.726151 0.173486
-0.025244 -0.002027 0.173486 0.067482
13.431041 1.015564 13.786231 2.216233
0.596694 0.134589 -0.114885 -0.018218
0.134589 0.050782 -0.018284 -0.000820
-0.114885 -0.018284 0.679853 0.154625
-0.018218 -0.000820 0.154625 0.060219
13.968007 1.028553 15.429837 2.335058
0.577247 0.125015 -0.104348 -0.014655
0.125015 0.047901 -0.015183 -0.000572
-0.104348 -0.015183 0.620206 0.135609
-0.014655 -0.000572 0.135609 0.054139
14.320892 0.991421 16.374550 2.284655
0.562479 0.118108 -0.103401 -0.013787
0.118108 0.046096 -0.014504 -0.000848
-0.103401 -0.014504 0.580235 0.123365
-0.013787 -0.000848 0.123365 0.050423
15.279354 1.086712 17.448263 2.277291
0.530410 0.109465 -0.060522 -0.004605
0.109465 0.044375 -0.005345 0.000671
-0.060522 -0.005345 0.542865 0.113942
-0.004605 0.000671 0.113942 0.047978
15.566236 1.032747 18.482236 2.251669
0.522377 0.106543 -0.055401 -0.004055
0.106543 0.043966 -0.004862 0.000321
-0.055401 -0.004862 0.518673 0.107802
-0.004055 0.000321 0.107802 0.046411
16.600847 1.131866 19.055011 2.143347
0.509224 0.103291 -0.040190 -0.001565
0.103291 0.043599 -0.002186 0.000491
-0.040190 -0.002186 0.512457 0.106254
-0.001565 0.000491 0.106254 0.046023
16.738984 1.047340 20.357801 2.186291
0.505673 0.102436 -0.031523 -0.000555
0.102436 0.043748 -0.001247 0.000352
-0.031523 -0.001247 0.494236 0.102303
-0.000555 0.000352 0.102303 0.045171
17.612725 1.115321 21.103529 2.117639
0.504865 0.102362 -0.023051 0.000377
0.102362 0.044043 -0.000181 0.000299
-0.023051 -0.000181 0.497990 0.103308
0.000377 0.000299 0.103308 0.045432
18.199064 1.121102 22.155521 2.116464
0.495354 0.100471 -0.034704 -0.002985
0.100471 0.043901 -0.003398 -0.000616
-0.034704 -0.003398 0.485557 0.100660
-0.002985 -0.000616 0.100660 0.044868
19.602143 1.289983 22.761110 2.028539
0.472446 0.096342 -0.011978 0.001113
0.096342 0.043353 0.000745 0.000103
-0.011978 0.000745 0.469722 0.097832
0.001113 0.000103 0.097832 0.044375
20.127020 1.268670 24.417193 2.162303
0.471652 0.097032 0.000609 0.002952
0.097032 0.043788 0.002622 0.000353
0.000609 0.002622 0.471680 0.098838
0.002952 0.000353 0.098838 0.044685
20.587178 1.231148 25.094994 2.076759
0.466522 0.096673 0.007772 0.003562
0.096673 0.043921 0.003270 0.000355
0.007772 0.003270 0.465401 0.097906
0.003562 0.000355 0.097906 0.044529
21.362656 1.264641 26.205139 2.092292
0.464637 0.096932 0.003394 0.001815
0.096932 0.044130 0.001602 -0.000089
0.003394 0.001602 0.469393 0.099131
0.001815 -0.000089 0.099131 0.044818
21.765165 1.216540 27.395048 2.122440
0.463240 0.097218 0.014036 0.003532
0.097218 0.044299 0.003349 0.000262
0.014036 0.003349 0.475835 0.100724
0.003532 0.000262 0.100724 0.045150
22.137165 1.166823 28.154212 2.058508
0.463833 0.097819 0.009143 0.001895
0.097819 0.044491 0.001749 -0.000102
0.009143 0.001749 0.478716 0.101356
0.001895 -0.000102 0.101356 0.045240
22.638819 1.149321 29.372032 2.098479
0.472844 0.100072 0.013458 0.002459
0.100072 0.044994 0.002330 0.000049
0.013458 0.002330 0.497065 0.105177
0.002459 0.000049 0.105177 0.045996
23.888855 1.291895 30.729804 2.162515
0.455817 0.096589 -0.014122 -0.003647
0.096589 0.044236 -0.003813 -0.001211
-0.014122 -0.003813 0.501106 0.105641
-0.003647 -0.001211 0.105641 0.045992
25.193550 1.432299 31.494650 2.095576
0.428100 0.091100 -0.045028 -0.009788
0.091100 0.043103 -0.010018 -0.002364
-0.045028 -0.010018 0.489506 0.102795
-0.009788 -0.002364 0.102795 0.045309
25.667298 1.380288 32.604927 2.108379
0.448340 0.096283 -0.044292 -0.008719
0.096283 0.044320 -0.008899 -0.001904
-0.044292 -0.008899 0.511636 0.107320
-0.008719 -0.001904 0.107320 0.046245
26.383973 1.385555 33.491301 2.073385
0.461774 0.099362 -0.053817 -0.009979
0.099362 0.044938 -0.010186 -0.002029
-0.053817 -0.010186 0.525270 0.109612
-0.009979 -0.002029 0.109612 0.046630
26.562193 1.272771 34.048946 1.971685
0.466367 0.100211 -0.052953 -0.009058
0.100211 0.045021 -0.009230 -0.001715
-0.052953 -0.009230 0.526900 0.109276
-0.009058 -0.001715 0.109276 0.046464
26.960064 1.220738 34.886948 1.939858
0.451231 0.096748 -0.047179 -0.007404
0.096748 0.044183 -0.007409 -0.001303
-0.047179 -0.007409 0.528257 0.109025
-0.007404 -0.001303 0.109025 0.046361
27.143056 1.128321 35.781949 1.921932
0.451208 0.096865 -0.042897 -0.006211
0.096865 0.044196 -0.006128 -0.001040
-0.042897 -0.006128 0.536488 0.110285
-0.006211 -0.001040 0.110285 0.046597
27.295430 1.042553 37.226950 2.018718
0.428404 0.092012 -0.042305 -0.006084
0.092012 0.043127 -0.005768 -0.001031
-0.042305 -0.005768 0.553999 0.113373
-0.006084 -0.001031 0.113373 0.047200
28.121717 1.106812 37.947114 1.961655
0.401015 0.086576 -0.043095 -0.006307
0.086576 0.042012 -0.005909 -0.001129
-0.043095 -0.005909 0.551653 0.112179
-0.006307 -0.001129 0.112179 0.046893
29.381346 1.259230 38.584933 1.896534
0.363241 0.079295 -0.037018 -0.005202
0.079295 0.040557 -0.004587 -0.000934
-0.037018 -0.004587 0.545300 0.110434
-0.005202 -0.000934 0.110434 0.046537
29.677943 1.183935 39.381326 1.863675
0.375146 0.083455 -0.038482 -0.005420
0.083455 0.041682 -0.005012 -0.001035
-0.038482 -0.005012 0.548809 0.110885
-0.005420 -0.001035 0.110885 0.046665
31.323474 1.425139 40.878031 1.984425
0.321239 0.072242 -0.027517 -0.003545
0.072242 0.039193 -0.002485 -0.000629
-0.027517 -0.002485 0.570274 0.115060
-0.003545 -0.000629 0.115060 0.047557
31.952847 1.405524 41.806566 1.971146
0.346787 0.079954 -0.028344 -0.003714
0.079954 0.041157 -0.003068 -0.000758
-0.028344 -0.003068 0.565777 0.113590
-0.003714 -0.000758 0.113590 0.047230
32.758986 1.429499 42.771149 1.967484
0.361365 0.084111 -0.021077 -0.002320
0.084111 0.042048 -0.001699 -0.000501
-0.021077 -0.001699 0.556607 0.111456
-0.002320 -0.000501 0.111456 0.046827
33.399046 1.410596 43.465708 1.909227
0.360477 0.084095 -0.004526 0.000735
0.084095 0.041865 0.001642 0.000117
-0.004526 0.001642 0.529379 0.106001
0.000735 0.000117 0.106001 0.045811
33.691038 1.314225 44.441938 1.912250
0.383028 0.089348 -0.010430 -0.000871
0.089348 0.042906 -0.000443 -0.000368
-0.010430 -0.000443 0.521096 0.104763
-0.000871 -0.000368 0.104763 0.045698
34.419287 1.330311 45.266576 1.885852
0.384770 0.089234 0.012919 0.003570
0.089234 0.042632 0.004476 0.000606
0.012919 0.004476 0.480833 0.097217
0.003570 0.000606 0.097217 0.044314
35.377390 1.397330 45.869868 1.816595
0.427724 0.098568 0.006358 0.001632
0.098568 0.044579 0.002123 0.000053
0.006358 0.002123 0.461873 0.094496
0.001632 0.000053 0.094496 0.043967
36.341467 1.457423 46.448538 1.748221
0.435044 0.098780 0.032146 0.006624
0.098780 0.044286 0.007491 0.001162
0.032146 0.007491 0.395783 0.082064
0.006624 0.001162 0.082064 0.041571
37.088687 1.461420 47.417603 1.768425
0.475061 0.106472 0.010589 0.001199
0.106472 0.045777 0.001728 -0.000155
0.010589 0.001728 0.404286 0.086175
0.001199 -0.000155 0.086175 0.042763
