1.764734 1.668003 -0.069369 -0.919795
1.289888 0.515967 0.540112 0.216050
0.515967 80.210458 0.216050 0.086422
0.540112 0.216050 3.554649 1.421890
0.216050 0.086422 1.421890 80.572835
5.819128 7.519089 2.413194 3.817947
3.085254 5.800954 -1.314653 -2.330618
5.800954 15.577283 -2.543319 -2.925053
-1.314653 -2.543319 2.072396 3.506188
-2.330618 -2.925053 3.506188 17.211415
7.452169 5.077827 3.102787 1.898876
2.211355 2.377175 -0.495136 -0.292312
2.377175 3.636689 -0.305634 0.100662
-0.495136 -0.305634 2.585119 3.276136
-0.292312 0.100662 3.276136 6.303580
7.209717 2.922857 3.735598 1.405649
0.441156 0.351132 0.256418 0.258135
0.351132 0.706810 0.294366 0.280240
0.256418 0.294366 2.144308 1.890878
0.258135 0.280240 1.890878 2.388000
8.776208 3.000718 3.159484 0.552656
0.660946 0.481530 0.095688 0.061367
0.481530 0.548769 0.067709 0.036550
0.095688 0.067709 1.981856 1.320860
0.061367 0.036550 1.320860 1.217414
8.871154 2.165374 4.272493 1.012967
0.552558 0.326453 0.169858 0.086201
0.326453 0.298746 0.094512 0.044844
0.169858 0.094512 1.527314 0.816607
0.086201 0.044844 0.816607 0.625552
9.224515 1.805094 4.004155 0.672488
0.694694 0.348356 0.069170 0.020799
0.348356 0.239822 0.023785 0.004537
0.069170 0.023785 1.413317 0.640276
0.020799 0.004537 0.640276 0.409378
8.750680 1.213337 5.205688 1.029114
0.417870 0.177646 0.061064 0.018951
0.177646 0.120524 0.018364 0.005039
0.061064 0.018364 1.231600 0.483216
0.018951 0.005039 0.483216 0.271788
8.965552 1.056390 6.953533 1.462992
0.501879 0.192115 -0.004896 -0.007110
0.192115 0.107682 -0.007901 -0.004483
-0.004896 -0.007901 1.063062 0.370407
-0.007110 -0.004483 0.370407 0.190016
10.356645 1.355188 6.841799 1.191320
0.525548 0.180354 -0.075551 -0.027506
0.180354 0.089848 -0.029654 -0.010156
-0.075551 -0.029654 1.012822 0.319526
-0.027506 -0.010156 0.319526 0.148802
11.187752 1.400979 9.070615 1.661710
0.537568 0.167119 -0.101462 -0.030601
0.167119 0.076390 -0.032531 -0.009372
-0.101462 -0.032531 0.868938 0.250737
-0.030601 -0.009372 0.250737 0.112161
11.931709 1.415883 11.910231 2.201112
0.570785 0.162816 -0.098241 -0.025542
0.162816 0.068914 -0.027108 -0.006722
-0.098241 -0.027108 0.753167 0.202076
-0.025542 -0.006722 0.202076 0.088717
12.556462 1.394904 13.357080 2.288667
0.586990 0.155035 -0.125791 -0.029475
0.155035 0.062397 -0.031199 -0.007089
-0.125791 -0.031199 0.696798 0.176348
-0.029475 -0.007089 0.176348 0.075607
12.950844 1.316627 13.902346 2.141226
0.609474 0.150681 -0.138580 -0.029368
0.150681 0.058276 -0.030978 -0.006432
-0.138580 -0.030978 0.686267 0.165515
-0.029368 -0.006432 0.165515 0.068530
13.698651 1.336007 14.726836 2.084690
0.614831 0.143630 -0.133882 -0.025555
0.143630 0.054523 -0.026942 -0.005086
-0.133882 -0.026942 0.672826 0.155570
-0.025555 -0.005086 0.155570 0.063001
14.473461 1.358697 15.607976 2.049553
0.601594 0.134098 -0.120429 -0.020697
0.134098 0.051043 -0.021908 -0.003786
-0.120429 -0.021908 0.641655 0.143099
-0.020697 -0.003786 0.143099 0.057904
14.814188 1.283391 16.408017 1.996486
0.570738 0.122711 -0.096686 -0.014580
0.122711 0.047853 -0.015748 -0.002464
-0.096686 -0.015748 0.584803 0.126828
-0.014580 -0.002464 0.126828 0.052829
15.540201 1.297519 17.012594 1.912904
0.545111 0.114114 -0.097485 -0.014495
0.114114 0.045741 -0.015445 -0.002533
-0.097485 -0.015445 0.550567 0.117138
-0.014495 -0.002533 0.117138 0.049819
16.879044 1.438797 17.765159 1.878073
0.523092 0.107870 -0.076212 -0.009747
0.107870 0.044497 -0.010479 -0.001583
-0.076212 -0.010479 0.537412 0.113315
-0.009747 -0.001583 0.113315 0.048519
17.791406 1.484323 19.290431 2.004025
0.523281 0.107170 -0.052711 -0.004805
0.107170 0.044574 -0.005576 -0.000674
-0.052711 -0.005576 0.531688 0.111486
-0.004805 -0.000674 0.111486 0.047823
18.524126 1.479758 20.002485 1.943199
0.519463 0.105829 -0.039121 -0.002513
0.105829 0.044513 -0.003207 -0.000379
-0.039121 -0.003207 0.527094 0.109955
-0.002513 -0.000379 0.109955 0.047262
18.951798 1.417736 21.168517 1.980725
0.493323 0.100191 -0.032312 -0.002035
0.100191 0.043585 -0.002654 -0.000502
-0.032312 -0.002654 0.492810 0.102338
-0.002035 -0.000502 0.102338 0.045499
19.416191 1.371559 22.698805 2.091359
0.479605 0.097805 -0.015206 0.000769
0.097805 0.043415 0.000182 -0.000067
-0.015206 0.000182 0.475354 0.099046
0.000769 -0.000067 0.099046 0.044831
19.903976 1.331225 23.801577 2.102036
0.478878 0.098266 -0.006707 0.001707
0.098266 0.043802 0.001195 0.000006
-0.006707 0.001195 0.474711 0.099437
0.001707 0.000006 0.099437 0.044959
20.315377 1.279081 24.932701 2.117666
0.479727 0.098990 -0.000028 0.002289
0.098990 0.044177 0.001855 0.000037
-0.000028 0.001855 0.477498 0.100415
0.002289 0.000037 0.100415 0.045178
20.965049 1.280793 25.833548 2.084407
0.486954 0.100907 -0.008896 -0.000328
0.100907 0.044731 -0.000648 -0.000562
-0.008896 -0.000648 0.486929 0.102579
-0.000328 -0.000562 0.102579 0.045602
21.065054 1.167348 26.201369 1.941108
0.482336 0.100195 -0.006487 -0.000242
0.100195 0.044678 -0.000512 -0.000531
-0.006487 -0.000512 0.478826 0.100836
-0.000242 -0.000531 0.100836 0.045170
21.222367 1.079325 27.879653 2.089629
0.466321 0.097171 0.006052 0.002035
0.097171 0.044136 0.001814 -0.000028
0.006052 0.001814 0.480626 0.101343
0.002035 -0.000028 0.101343 0.045256
21.246871 0.971349 28.846712 2.072925
0.457791 0.095936 0.000263 0.000326
0.095936 0.043990 0.000160 -0.000389
0.000263 0.000160 0.480067 0.101251
0.000326 -0.000389 0.101251 0.045199
22.054696 1.039325 29.695012 2.033258
0.449275 0.094748 -0.007681 -0.001584
0.094748 0.043838 -0.001717 -0.000746
-0.007681 -0.001717 0.480543 0.101370
-0.001584 -0.000746 0.101370 0.045193
22.774442 1.081786 30.867178 2.066085
0.449989 0.095537 -0.007022 -0.001440
0.095537 0.044086 -0.001549 -0.000633
-0.007022 -0.001549 0.494049 0.104212
-0.001440 -0.000633 0.104212 0.045763
23.346680 1.088476 31.803203 2.045680
0.437618 0.093367 -0.004412 -0.000874
0.093367 0.043653 -0.000953 -0.000445
-0.004412 -0.000953 0.495710 0.104277
-0.000874 -0.000445 0.104277 0.045700
23.927105 1.096247 32.763904 2.032645
0.447698 0.096128 -0.002144 -0.000413
0.096128 0.044291 -0.000467 -0.000298
-0.002144 -0.000467 0.509802 0.106969
-0.000413 -0.000298 0.106969 0.046208
24.710799 1.146968 33.523335 1.978986
0.441467 0.095021 -0.019487 -0.004076
0.095021 0.044018 -0.004230 -0.001052
-0.019487 -0.004230 0.513084 0.107167
-0.004076 -0.001052 0.107167 0.046163
25.884884 1.276343 34.049983 1.883109
0.419906 0.090637 -0.033148 -0.006612
0.090637 0.043048 -0.006833 -0.001503
-0.033148 -0.006833 0.506128 0.105264
-0.006612 -0.001503 0.105264 0.045704
26.106405 1.186072 35.183657 1.922216
0.415152 0.090254 -0.027467 -0.004912
0.090254 0.043016 -0.004999 -0.001010
-0.027467 -0.004999 0.519485 0.107842
-0.004912 -0.001010 0.107842 0.046238
26.983880 1.247747 35.912707 1.874934
0.422233 0.092378 -0.024626 -0.003997
0.092378 0.043502 -0.004039 -0.000761
-0.024626 -0.004039 0.524143 0.108401
-0.003997 -0.000761 0.108401 0.046315
27.452917 1.214175 36.992787 1.903878
0.416527 0.091385 -0.022118 -0.003319
0.091385 0.043237 -0.003268 -0.000595
-0.022118 -0.003268 0.535544 0.110356
-0.003319 -0.000595 0.110356 0.046688
27.879294 1.174241 37.902014 1.894545
0.379668 0.083544 -0.023318 -0.003594
0.083544 0.041475 -0.003449 -0.000667
-0.023318 -0.003449 0.537819 0.110296
-0.003594 -0.000667 0.110296 0.046629
28.915365 1.275939 39.338253 1.996005
0.382210 0.085078 -0.027019 -0.004238
0.085078 0.041916 -0.004127 -0.000806
-0.027019 -0.004127 0.559175 0.114212
-0.004238 -0.000806 0.114212 0.047407
29.617673 1.290972 40.494599 2.028404
0.393561 0.088290 -0.028520 -0.004363
0.088290 0.042650 -0.004317 -0.000832
-0.028520 -0.004317 0.567611 0.115197
-0.004363 -0.000832 0.115197 0.047540
30.348864 1.310241 41.501273 2.027214
0.396910 0.089263 -0.028090 -0.004144
0.089263 0.042788 -0.004107 -0.000789
-0.028090 -0.004107 0.568430 0.114659
-0.004144 -0.000789 0.114659 0.047382
30.756298 1.254804 42.605923 2.044525
0.399287 0.089855 -0.025869 -0.003613
0.089855 0.042824 -0.003549 -0.000685
-0.025869 -0.003549 0.565663 0.113566
-0.003613 -0.000685 0.113566 0.047154
31.778443 1.343722 43.638345 2.048122
0.374359 0.084283 -0.001178 0.001245
0.084283 0.041490 0.001942 0.000372
-0.001178 0.001942 0.549475 0.110068
0.001245 0.000372 0.110068 0.046500
32.874528 1.439638 44.620560 2.040938
0.380548 0.086201 0.015822 0.004248
0.086201 0.041954 0.005154 0.000921
0.015822 0.005154 0.524584 0.105156
0.004248 0.000921 0.105156 0.045615
33.500813 1.418029 45.369480 1.986152
0.399149 0.090603 0.014422 0.003346
0.090603 0.042907 0.003976 0.000572
0.014422 0.003976 0.498295 0.100358
0.003346 0.000572 0.100358 0.044803
34.215108 1.419012 45.434612 1.797586
0.434031 0.098179 0.004914 0.000936
0.098179 0.044484 0.001217 -0.000045
0.004914 0.001217 0.464852 0.094461
0.000936 -0.000045 0.094461 0.043799
35.130948 1.465418 45.392865 1.603625
0.406928 0.091045 0.047425 0.009536
0.091045 0.042629 0.010514 0.001894
0.047425 0.010514 0.390007 0.080350
0.009536 0.001894 0.080350 0.041115
35.627012 1.412197 46.299087 1.626701
0.432852 0.096661 0.030767 0.004980
0.096661 0.043858 0.005645 0.000717
0.030767 0.005645 0.398961 0.084787
0.004980 0.000717 0.084787 0.042438
36.502331 1.448097 47.510062 1.712241
0.465014 0.103077 0.019447 0.002044
0.103077 0.045153 0.002649 0.000068
0.019447 0.002649 0.403844 0.087592
0.002044 0.000068 0.087592 0.043184
