4.889396 2.917895 1.016136 -0.485584
2.406217 0.962508 -0.209370 -0.083750
0.962508 80.389078 -0.083750 -0.033501
-0.209370 -0.083750 2.477189 0.990897
-0.083750 -0.033501 0.990897 80.400434
5.875670 2.067800 -0.379360 -2.509099
2.254236 3.949055 -0.287788 -0.462081
3.949055 15.116666 -0.460809 -1.339612
-0.287788 -0.460809 2.421762 4.228001
-0.462081 -1.339612 4.228001 15.785293
6.243476 1.302284 -1.352251 -2.193887
2.005583 2.311796 -0.245636 -0.259267
2.311796 4.517754 -0.258658 -0.442061
-0.245636 -0.258658 2.181953 2.495806
-0.259267 -0.442061 2.495806 4.777269
7.136206 1.526228 0.882731 0.581600
1.755057 1.473264 -0.162480 -0.125021
1.473264 1.922047 -0.124885 -0.164768
-0.162480 -0.124885 1.840444 1.531357
-0.125021 -0.164768 1.531357 1.991614
6.982176 0.925769 2.043808 1.148496
1.499551 0.984616 -0.136090 -0.085963
0.984616 0.974338 -0.085914 -0.088338
-0.136090 -0.085914 1.566490 1.023407
-0.085963 -0.088338 1.023407 1.013356
8.308034 1.392720 4.180596 1.990427
1.331349 0.718869 -0.076510 -0.040553
0.718869 0.572151 -0.040475 -0.040448
-0.076510 -0.040475 1.376034 0.741029
-0.040553 -0.040448 0.741029 0.592779
10.055022 1.874292 5.427558 2.104624
1.163532 0.533711 -0.088168 -0.041740
0.533711 0.360441 -0.041716 -0.031208
-0.088168 -0.041716 1.212618 0.555932
-0.041740 -0.031208 0.555932 0.376484
9.723941 1.366862 6.649743 2.174181
1.041636 0.416691 -0.075277 -0.031431
0.416691 0.246029 -0.031403 -0.020463
-0.075277 -0.031403 1.074562 0.429928
-0.031431 -0.020463 0.429928 0.255251
9.519706 1.050029 8.622286 2.490593
0.941516 0.335012 -0.060736 -0.022772
0.335012 0.177743 -0.022738 -0.013484
-0.060736 -0.022738 0.954796 0.340105
-0.022772 -0.013484 0.340105 0.182343
10.869172 1.315378 9.730890 2.445574
0.855524 0.275233 -0.040051 -0.013888
0.275233 0.134508 -0.013883 -0.008284
-0.040051 -0.013883 0.871036 0.280946
-0.013888 -0.008284 0.280946 0.138442
11.662922 1.355889 10.663575 2.359536
0.796283 0.234988 -0.039344 -0.012638
0.234988 0.107416 -0.012633 -0.006552
-0.039344 -0.012633 0.810324 0.239900
-0.012638 -0.006552 0.239900 0.110427
12.449663 1.385772 11.764994 2.337885
0.737056 0.201870 -0.022163 -0.006912
0.201870 0.088286 -0.006920 -0.003984
-0.022163 -0.006920 0.748423 0.205692
-0.006912 -0.003984 0.205692 0.090500
13.204274 1.401546 13.016058 2.359003
0.691789 0.177921 -0.023585 -0.006909
0.177921 0.075452 -0.006909 -0.003384
-0.023585 -0.006909 0.700089 0.180687
-0.006909 -0.003384 0.180687 0.077046
13.627214 1.333941 14.034128 2.319776
0.660312 0.161099 -0.018418 -0.005199
0.161099 0.066837 -0.005200 -0.002493
-0.018418 -0.005200 0.665842 0.163014
-0.005199 -0.002493 0.163014 0.067980
13.923270 1.247134 15.433440 2.376198
0.628979 0.146835 -0.008828 -0.002643
0.146835 0.060411 -0.002648 -0.001559
-0.008828 -0.002648 0.630402 0.147675
-0.002643 -0.001559 0.147675 0.061129
14.115349 1.150727 15.776854 2.185613
0.596590 0.134413 -0.008484 -0.002477
0.134413 0.055525 -0.002479 -0.001303
-0.008484 -0.002479 0.596969 0.134987
-0.002477 -0.001303 0.134987 0.056065
14.683383 1.148936 17.078699 2.231623
0.575477 0.126189 -0.010283 -0.002760
0.126189 0.052360 -0.002759 -0.001189
-0.010283 -0.002759 0.574260 0.126388
-0.002760 -0.001189 0.126388 0.052728
14.863699 1.064355 18.080946 2.207402
0.551490 0.118462 -0.012761 -0.003121
0.118462 0.049808 -0.003116 -0.001115
-0.012761 -0.003116 0.548325 0.118229
-0.003121 -0.001115 0.118229 0.050015
15.990422 1.190249 19.240858 2.219144
0.537953 0.113934 -0.012980 -0.002951
0.113934 0.048310 -0.002947 -0.000949
-0.012980 -0.002947 0.535855 0.113946
-0.002951 -0.000949 0.113946 0.048521
17.129556 1.304386 19.433171 2.025998
0.525128 0.110134 -0.011938 -0.002531
0.110134 0.047185 -0.002528 -0.000760
-0.011938 -0.002528 0.524574 0.110449
-0.002531 -0.000760 0.110449 0.047414
17.859943 1.320534 19.773747 1.885351
0.508636 0.106034 -0.008108 -0.001574
0.106034 0.046152 -0.001575 -0.000488
-0.008108 -0.001575 0.508362 0.106344
-0.001574 -0.000488 0.106344 0.046334
18.528834 1.322413 20.957080 1.935568
0.500026 0.104023 -0.008969 -0.001690
0.104023 0.045673 -0.001690 -0.000471
-0.008969 -0.001690 0.499466 0.104212
-0.001690 -0.000471 0.104212 0.045795
19.071181 1.297836 22.212611 1.995513
0.492511 0.102448 -0.004845 -0.000753
0.102448 0.045335 -0.000755 -0.000240
-0.004845 -0.000755 0.491704 0.102537
-0.000753 -0.000240 0.102537 0.045411
20.102655 1.377832 23.839163 2.126958
0.483415 0.100684 -0.007549 -0.001330
0.100684 0.044986 -0.001330 -0.000348
-0.007549 -0.001330 0.483229 0.100863
-0.001330 -0.000348 0.100863 0.045060
20.464964 1.309813 25.221849 2.193540
0.481539 0.100572 -0.006345 -0.001027
0.100572 0.045004 -0.001028 -0.000263
-0.006345 -0.001028 0.481712 0.100781
-0.001027 -0.000263 0.100781 0.045068
21.515329 1.392523 26.179036 2.164543
0.480830 0.100675 -0.006399 -0.001017
0.100675 0.045052 -0.001017 -0.000250
-0.006399 -0.001017 0.481509 0.100945
-0.001017 -0.000250 0.100945 0.045116
21.899979 1.326794 26.775900 2.062393
0.475197 0.099695 -0.008533 -0.001449
0.099695 0.044858 -0.001448 -0.000332
-0.008533 -0.001448 0.475822 0.099906
-0.001449 -0.000332 0.099906 0.044899
22.291456 1.269761 28.004036 2.103606
0.472948 0.099489 -0.001776 0.000032
0.099489 0.044835 0.000033 -0.000006
-0.001776 0.000033 0.474817 0.099925
0.000032 -0.000006 0.099925 0.044917
22.889599 1.262044 29.099305 2.112745
0.474537 0.100062 -0.001240 0.000061
0.100062 0.044965 0.000063 -0.000014
-0.001240 0.000063 0.477491 0.100674
0.000061 -0.000014 0.100674 0.045076
23.725598 1.305314 30.128936 2.107209
0.475489 0.100407 0.003866 0.001062
0.100407 0.045027 0.001064 0.000186
0.003866 0.001064 0.479509 0.101182
0.001062 0.000186 0.101182 0.045164
23.917235 1.207902 31.266465 2.124837
0.472792 0.099915 0.005246 0.001192
0.099915 0.044901 0.001194 0.000190
0.005246 0.001194 0.478934 0.101070
0.001192 0.000190 0.101070 0.045111
24.187036 1.137241 32.139954 2.085011
0.468280 0.099062 0.005275 0.001047
0.099062 0.044707 0.001049 0.000143
0.005275 0.001049 0.475954 0.100448
0.001047 0.000143 0.100448 0.044956
24.364236 1.054322 33.138018 2.075778
0.468719 0.099315 -0.001762 -0.000554
0.099315 0.044760 -0.000558 -0.000203
-0.001762 -0.000558 0.478276 0.100997
-0.000554 -0.000203 0.100997 0.045062
25.408012 1.163782 34.614384 2.168222
0.463871 0.098391 -0.005247 -0.001232
0.098391 0.044552 -0.001240 -0.000319
-0.005247 -0.001240 0.477140 0.100747
-0.001232 -0.000319 0.100747 0.044988
25.725960 1.107704 35.582002 2.143626
0.464634 0.098719 -0.007250 -0.001536
0.098719 0.044623 -0.001544 -0.000349
-0.007250 -0.001544 0.479800 0.101316
-0.001536 -0.000349 0.101316 0.045094
26.366802 1.126130 36.385965 2.087119
0.466037 0.099119 -0.014438 -0.002915
0.099119 0.044697 -0.002933 -0.000612
-0.014438 -0.002933 0.482225 0.101773
-0.002915 -0.000612 0.101773 0.045168
27.235868 1.191038 37.173997 2.033485
0.469239 0.099845 -0.010996 -0.001934
0.099845 0.044830 -0.001942 -0.000357
-0.010996 -0.001942 0.485960 0.102469
-0.001934 -0.000357 0.102469 0.045290
27.641048 1.150189 37.857300 1.963066
0.467364 0.099403 -0.011041 -0.001818
0.099403 0.044703 -0.001823 -0.000321
-0.011041 -0.001823 0.485709 0.102264
-0.001818 -0.000321 0.102264 0.045215
27.929132 1.089012 38.739253 1.941752
0.465905 0.099090 -0.008304 -0.001148
0.099090 0.044617 -0.001141 -0.000174
-0.008304 -0.001141 0.487176 0.102461
-0.001148 -0.000174 0.102461 0.045240
29.094148 1.220626 39.408806 1.879262
0.466512 0.099233 -0.011255 -0.001750
0.099233 0.044635 -0.001752 -0.000315
-0.011255 -0.001752 0.488006 0.102513
-0.001750 -0.000315 0.102513 0.045235
30.192712 1.324261 40.185542 1.845783
0.463046 0.098488 -0.014364 -0.002342
0.098488 0.044462 -0.002351 -0.000443
-0.014364 -0.002351 0.486223 0.102028
-0.002342 -0.000443 0.102028 0.045123
30.848426 1.323062 41.207730 1.866604
0.469109 0.099839 -0.016103 -0.002588
0.099839 0.044751 -0.002596 -0.000485
-0.016103 -0.002596 0.494605 0.103740
-0.002588 -0.000485 0.103740 0.045487
31.405513 1.300209 41.808323 1.796731
0.468690 0.099678 -0.013451 -0.001921
0.099678 0.044693 -0.001917 -0.000338
-0.013451 -0.001917 0.495296 0.103695
-0.001921 -0.000338 0.103695 0.045455
31.947272 1.277535 42.890700 1.834992
0.463832 0.098584 -0.015957 -0.002423
0.098584 0.044443 -0.002419 -0.000456
-0.015957 -0.002419 0.495586 0.103588
-0.002423 -0.000456 0.103588 0.045418
32.117343 1.178212 43.989526 1.871872
0.462470 0.098346 -0.016322 -0.002433
0.098346 0.044399 -0.002420 -0.000459
-0.016322 -0.002420 0.499533 0.104285
-0.002433 -0.000459 0.104285 0.045561
32.847891 1.209391 45.407307 1.972650
0.459717 0.097810 -0.024562 -0.004101
0.097810 0.044290 -0.004112 -0.000817
-0.024562 -0.004112 0.503233 0.104869
-0.004101 -0.000817 0.104869 0.045669
33.500668 1.219565 46.365279 1.966875
0.458212 0.097598 -0.024837 -0.003961
0.097598 0.044260 -0.003964 -0.000763
-0.024837 -0.003964 0.504494 0.104937
-0.003961 -0.000763 0.104937 0.045672
34.016352 1.197187 46.573816 1.805560
0.458890 0.097851 -0.026765 -0.004202
0.097851 0.044325 -0.004222 -0.000806
-0.026765 -0.004222 0.502778 0.104406
-0.004202 -0.000806 0.104406 0.045556
34.614578 1.194525 46.690287 1.642277
0.455647 0.097231 -0.026680 -0.004041
0.097231 0.044194 -0.004062 -0.000768
-0.026680 -0.004062 0.497908 0.103306
-0.004041 -0.000768 0.103306 0.045340
35.090344 1.166480 46.928130 1.520675
0.458477 0.097953 -0.026499 -0.003881
0.097953 0.044357 -0.003902 -0.000735
-0.026499 -0.003902 0.499172 0.103602
-0.003881 -0.000735 0.103602 0.045435
