-3.203784 -0.319447 7.611068 2.152446
42.069274 16.828074 -56.675236 -22.670586
16.828074 86.735442 -22.670586 -9.068431
-56.675236 -22.670586 80.730989 32.293095
-22.670586 -9.068431 32.293095 92.921585
0.179937 4.295133 8.221880 3.939957
37.927881 9.465027 -68.366310 -41.419062
9.465027 24.517091 -14.438757 -28.830539
-68.366310 -14.438757 127.395433 78.636054
-41.419062 -28.830539 78.636054 83.858831
3.669081 4.033617 5.953172 1.768947
44.067905 23.249633 -74.280080 -40.838820
23.249633 22.557338 -37.073278 -32.894058
-74.280080 -37.073278 129.521485 70.862323
-40.838820 -32.894058 70.862323 58.505817
11.900973 6.531173 -4.943006 -3.642638
28.190195 17.349073 -33.990033 -17.337323
17.349073 15.939462 -20.046772 -17.598076
-33.990033 -20.046772 43.798311 21.947940
-17.337323 -17.598076 21.947940 22.820002
9.658739 3.760809 0.347444 -0.299569
6.872195 3.835393 -2.528743 -0.545176
3.835393 5.122250 -1.367523 -4.707877
-2.528743 -1.367523 1.663785 0.619684
-0.545176 -4.707877 0.619684 7.465807
12.561998 3.325328 1.659399 2.019882
11.506299 6.548106 -5.247065 -3.848890
6.548106 5.014133 -3.413558 -4.238511
-5.247065 -3.413558 3.202831 2.873370
-3.848890 -4.238511 2.873370 5.147059
13.432326 2.447690 4.382555 3.644504
18.192648 8.095832 -8.235556 -4.430955
8.095832 4.155704 -3.973253 -2.815813
-8.235556 -3.973253 4.523705 2.846704
-4.430955 -2.815813 2.846704 2.763608
14.023004 2.710322 4.730735 2.328100
26.973948 10.029420 -12.922346 -5.723181
10.029420 4.040695 -5.076259 -2.592973
-12.922346 -5.076259 7.159536 3.532590
-5.723181 -2.592973 3.532590 2.220257
11.339470 1.152723 9.286107 3.955390
34.063385 10.470224 -15.369240 -5.246093
10.470224 3.399311 -4.863121 -1.839285
-15.369240 -4.863121 7.624300 2.808941
-5.246093 -1.839285 2.808941 1.289126
5.379278 -0.547480 13.939489 4.664472
13.675490 3.928328 -7.934097 -2.742194
3.928328 1.261388 -2.415478 -0.948797
-7.934097 -2.415478 5.461360 2.053346
-2.742194 -0.948797 2.053346 0.922738
6.687914 -0.148507 15.353727 4.394578
2.007413 0.572518 -1.723033 -0.594893
0.572518 0.266986 -0.627345 -0.291660
-1.723033 -0.627345 2.622585 1.027715
-0.594893 -0.291660 1.027715 0.495361
7.099890 -0.022620 17.157959 4.277186
1.356634 0.389115 -1.558522 -0.503186
0.389115 0.193529 -0.563699 -0.232993
-1.558522 -0.563699 3.213196 1.119160
-0.503186 -0.232993 1.119160 0.456145
8.289841 0.284521 18.224256 3.981289
0.943157 0.268573 -1.373341 -0.404496
0.268573 0.142406 -0.480425 -0.177642
-1.373341 -0.480425 3.731279 1.149974
-0.404496 -0.177642 1.149974 0.406059
9.074300 0.454766 19.449192 3.781069
0.766723 0.214329 -1.316512 -0.351701
0.214329 0.114028 -0.425761 -0.140263
-1.316512 -0.425761 4.358445 1.191330
-0.351701 -0.140263 1.191330 0.368567
9.373450 0.474444 21.184944 3.743443
0.644261 0.174785 -1.200856 -0.291391
0.174785 0.092869 -0.351514 -0.105352
-1.200856 -0.351514 4.836055 1.181860
-0.291391 -0.105352 1.181860 0.326404
10.224913 0.636521 21.869198 3.479781
0.435688 0.115113 -0.737447 -0.164014
0.115113 0.069550 -0.190231 -0.057862
-0.737447 -0.190231 4.470128 0.984596
-0.164014 -0.057862 0.984596 0.251125
11.911335 0.994959 20.621249 2.865760
0.280208 0.075635 -0.291647 -0.062007
0.075635 0.054782 -0.052498 -0.023623
-0.291647 -0.052498 4.079475 0.816098
-0.062007 -0.023623 0.816098 0.195497
12.986154 1.160930 21.918598 2.827238
0.267804 0.075029 -0.315495 -0.064191
0.075029 0.051404 -0.053526 -0.020953
-0.315495 -0.053526 4.868863 0.900230
-0.064191 -0.020953 0.900230 0.197543
13.958469 1.269949 22.526968 2.679174
0.249666 0.072587 -0.134522 -0.029970
0.072587 0.048281 0.003037 -0.008718
-0.134522 0.003037 5.176882 0.884117
-0.029970 -0.008718 0.884117 0.181525
14.694265 1.298022 23.617698 2.636442
0.264721 0.078869 0.077587 0.004085
0.078869 0.048061 0.060098 0.001649
0.077587 0.060098 5.261870 0.834618
0.004085 0.001649 0.834618 0.162816
15.538464 1.348512 23.591508 2.428367
0.307882 0.091518 0.403564 0.050511
0.091518 0.049743 0.137184 0.013502
0.403564 0.137184 4.189941 0.615486
0.050511 0.013502 0.615486 0.121050
17.186290 1.624737 19.468237 1.626395
0.342963 0.097955 0.777951 0.099576
0.097955 0.049151 0.222453 0.025492
0.777951 0.222453 2.826557 0.378510
0.099576 0.025492 0.378510 0.081596
18.210062 1.681135 20.793065 1.689294
0.231764 0.065818 0.340840 0.036279
0.065818 0.039007 0.077334 0.005634
0.340840 0.077334 1.575102 0.212814
0.036279 0.005634 0.212814 0.060450
19.471464 1.788501 22.624675 1.809185
0.201056 0.059011 0.162447 0.010750
0.059011 0.036879 0.019355 -0.001639
0.162447 0.019355 1.265820 0.179483
0.010750 -0.001639 0.179483 0.057627
20.380739 1.788225 23.728110 1.838289
0.257514 0.074669 0.188340 0.012390
0.074669 0.040525 0.023119 -0.000695
0.188340 0.023119 1.414789 0.201995
0.012390 -0.000695 0.201995 0.061332
21.215370 1.810128 22.948508 1.586357
0.336416 0.095107 0.172041 0.007301
0.095107 0.044874 0.037154 0.001525
0.172041 0.037154 0.582779 0.078069
0.007301 0.001525 0.078069 0.043181
22.074161 1.797798 23.718339 1.585014
0.436568 0.117366 0.177852 0.005636
0.117366 0.049553 0.034760 0.001079
0.177852 0.034760 0.609315 0.091413
0.005636 0.001079 0.091413 0.046737
23.113257 1.826999 24.831079 1.634532
0.553811 0.140621 0.172188 0.002210
0.140621 0.053955 0.029846 0.000255
0.172188 0.029846 0.653577 0.106879
0.002210 0.000255 0.106879 0.050320
24.221770 1.868215 25.955940 1.682080
0.652324 0.157016 0.099643 -0.011372
0.157016 0.056453 0.011394 -0.002614
0.099643 0.011394 0.626202 0.110313
-0.011372 -0.002614 0.110313 0.051729
24.732899 1.778122 26.407595 1.624843
0.657388 0.151714 -0.095046 -0.042887
0.151714 0.054184 -0.030229 -0.008883
-0.095046 -0.030229 0.510401 0.099716
-0.042887 -0.008883 0.099716 0.050777
25.622750 1.776697 27.397983 1.659933
0.757299 0.166357 -0.199919 -0.058696
0.166357 0.056330 -0.048373 -0.011238
-0.199919 -0.048373 0.549667 0.113523
-0.058696 -0.011238 0.113523 0.053534
26.530519 1.780661 28.327803 1.680079
0.881139 0.183941 -0.319385 -0.076479
0.183941 0.058875 -0.067086 -0.013761
-0.319385 -0.067086 0.601886 0.127006
-0.076479 -0.013761 0.127006 0.055721
27.315291 1.759317 29.156488 1.677755
1.012892 0.200594 -0.458789 -0.096786
0.200594 0.060949 -0.087410 -0.016574
-0.458789 -0.087410 0.673355 0.141493
-0.096786 -0.016574 0.141493 0.057661
28.436436 1.808459 30.106292 1.704265
1.190027 0.223957 -0.598303 -0.114791
0.223957 0.064159 -0.105104 -0.018685
-0.598303 -0.105104 0.771997 0.158719
-0.114791 -0.018685 0.158719 0.059796
29.051952 1.749104 30.784075 1.660367
1.342022 0.238947 -0.773252 -0.139080
0.238947 0.065347 -0.127292 -0.021857
-0.773252 -0.127292 0.890688 0.176586
-0.139080 -0.021857 0.176586 0.061601
29.896473 1.743845 31.627207 1.662270
1.539133 0.260460 -0.955660 -0.161387
0.260460 0.067710 -0.147763 -0.024327
-0.955660 -0.147763 1.041596 0.198211
-0.161387 -0.024327 0.198211 0.063970
31.051183 1.804238 32.663435 1.718163
1.769323 0.285416 -1.150346 -0.182852
0.285416 0.070531 -0.167590 -0.026399
-1.150346 -0.167590 1.221111 0.222438
-0.182852 -0.026399 0.222438 0.066637
32.431393 1.904975 33.828272 1.805807
2.018711 0.310560 -1.366222 -0.205850
0.310560 0.073124 -0.188317 -0.028539
-1.366222 -0.188317 1.430722 0.249003
-0.205850 -0.028539 0.249003 0.069464
33.588630 1.945690 34.814091 1.833416
2.262391 0.330978 -1.613099 -0.233363
0.330978 0.074565 -0.211767 -0.031339
-1.613099 -0.211767 1.665391 0.276073
-0.233363 -0.031339 0.276073 0.071923
33.875722 1.791500 35.083375 1.662635
2.496364 0.345991 -1.902093 -0.267295
0.345991 0.074759 -0.240089 -0.035203
-1.902093 -0.240089 1.914869 0.300848
-0.267295 -0.035203 0.300848 0.073377
34.830241 1.802359 35.923357 1.667752
2.786506 0.369732 -2.194295 -0.295275
0.369732 0.076750 -0.264524 -0.037457
-2.194295 -0.264524 2.205959 0.331216
-0.295275 -0.037457 0.331216 0.076227
35.963940 1.840073 36.704437 1.671017
3.105655 0.395245 -2.513086 -0.324239
0.395245 0.078847 -0.290277 -0.039736
-2.513086 -0.290277 2.526110 0.362587
-0.324239 -0.039736 0.362587 0.078984
36.959285 1.845455 37.417360 1.651250
3.424856 0.417323 -2.858293 -0.355767
0.417323 0.080190 -0.316535 -0.042185
-2.858293 -0.316535 2.885376 0.396869
-0.355767 -0.042185 0.396869 0.081958
37.990436 1.865382 38.258744 1.661428
3.756328 0.438706 -3.226768 -0.388081
0.438706 0.081387 -0.342536 -0.044453
-3.226768 -0.342536 3.286400 0.434386
-0.388081 -0.044453 0.434386 0.085300
39.051550 1.868979 38.820668 1.618319
4.114074 0.461276 -3.628215 -0.421959
0.461276 0.082612 -0.370762 -0.046909
-3.628215 -0.370762 3.718623 0.472003
-0.421959 -0.046909 0.472003 0.088308
39.860917 1.841546 39.549473 1.594521
4.454604 0.478628 -4.045715 -0.456965
0.478628 0.083064 -0.396831 -0.049140
-4.045715 -0.396831 4.199438 0.514175
-0.456965 -0.049140 0.514175 0.091901
40.133830 1.732536 40.386790 1.556238
4.812788 0.496319 -4.493015 -0.493031
0.496319 0.083500 -0.424434 -0.051472
-4.493015 -0.424434 4.715196 0.556761
-0.493031 -0.051472 0.556761 0.095235
41.007028 1.724628 41.047454 1.535343
5.286146 0.529729 -4.989311 -0.526467
0.529729 0.086144 -0.459109 -0.053794
-4.989311 -0.459109 5.236150 0.592907
-0.526467 -0.053794 0.592907 0.097360
41.751116 1.675210 41.453581 1.461833
5.778251 0.561986 -5.517115 -0.561629
0.561986 0.088348 -0.494788 -0.056259
-5.517115 -0.494788 5.790777 0.629950
-0.561629 -0.056259 0.629950 0.099441
42.782577 1.719246 42.310424 1.498700
6.290544 0.593677 -6.073844 -0.597760
0.593677 0.090499 -0.528548 -0.058290
-6.073844 -0.528548 6.408058 0.673129
-0.597760 -0.058290 0.673129 0.102461
