6.108763 3.405653 0.872327 -0.543109
2.415044 0.966039 -0.046849 -0.018740
0.966039 80.390490 -0.018740 -0.007496
-0.046849 -0.018740 2.471415 0.988587
-0.018740 -0.007496 0.988587 80.399510
5.679053 -0.334413 0.262631 -1.142943
2.220141 3.892024 -0.062026 -0.099412
3.892024 15.053772 -0.099486 -0.293636
-0.062026 -0.099486 2.276348 3.979430
-0.099412 -0.293636 3.979430 15.350616
6.256264 0.529309 0.835206 0.180112
1.971923 2.280096 -0.103383 -0.114393
2.280096 4.489426 -0.114485 -0.164562
-0.103383 -0.114485 2.020642 2.333216
-0.114393 -0.164562 2.333216 4.589823
5.851992 -0.032500 1.340562 0.526991
1.643094 1.383698 -0.062618 -0.046197
1.383698 1.848272 -0.046220 -0.050298
-0.062618 -0.046220 1.680263 1.413906
-0.046197 -0.050298 1.413906 1.889192
7.631511 1.159290 2.896808 1.386974
1.468747 0.971978 -0.046608 -0.027058
0.971978 0.968416 -0.027072 -0.024429
-0.046608 -0.027072 1.499603 0.992108
-0.027058 -0.024429 0.992108 0.989390
7.212660 0.616954 3.625802 1.404750
1.287477 0.699268 -0.065679 -0.033728
0.699268 0.561583 -0.033742 -0.022566
-0.065679 -0.033742 1.309169 0.711084
-0.033728 -0.022566 0.711084 0.572324
7.436337 0.579914 5.636637 2.008524
1.156622 0.533507 -0.038565 -0.015909
0.533507 0.360051 -0.015936 -0.009872
-0.038565 -0.015936 1.167000 0.538560
-0.015909 -0.009872 0.538560 0.365090
8.836382 1.026935 7.858736 2.499321
1.048071 0.420740 -0.028579 -0.010282
0.420740 0.247013 -0.010303 -0.005962
-0.028579 -0.010303 1.054827 0.423964
-0.010282 -0.005962 0.423964 0.250161
10.067418 1.282374 8.759294 2.375246
0.933242 0.332525 -0.016924 -0.005344
0.332525 0.176131 -0.005361 -0.003293
-0.016924 -0.005361 0.940890 0.335837
-0.005344 -0.003293 0.335837 0.178617
10.938934 1.356406 9.557709 2.249771
0.857352 0.276037 -0.009893 -0.002889
0.276037 0.134189 -0.002904 -0.002021
-0.009893 -0.002904 0.864679 0.278936
-0.002889 -0.002021 0.278936 0.136049
11.980837 1.463701 10.716208 2.259716
0.799909 0.235981 -0.007341 -0.002149
0.235981 0.107210 -0.002160 -0.001505
-0.007341 -0.002160 0.806315 0.238334
-0.002149 -0.001505 0.238334 0.108571
12.308786 1.353160 12.077905 2.323332
0.742810 0.203213 -0.014369 -0.004075
0.203213 0.088239 -0.004078 -0.001808
-0.014369 -0.004078 0.746559 0.204617
-0.004075 -0.001808 0.204617 0.089109
12.407014 1.204780 12.777599 2.204613
0.699081 0.179432 -0.015258 -0.004010
0.179432 0.075490 -0.004011 -0.001550
-0.015258 -0.004011 0.701533 0.180393
-0.004010 -0.001550 0.180393 0.076102
12.581523 1.100685 13.047099 2.001627
0.665968 0.162024 -0.015106 -0.003678
0.162024 0.066768 -0.003678 -0.001280
-0.015106 -0.003678 0.668115 0.162842
-0.003678 -0.001280 0.162842 0.067245
13.583950 1.205956 14.498962 2.106843
0.631961 0.147059 -0.015654 -0.003548
0.147059 0.060226 -0.003548 -0.001109
-0.015654 -0.003548 0.633420 0.147652
-0.003548 -0.001109 0.147652 0.060576
14.201023 1.209154 15.649032 2.128588
0.607185 0.136359 -0.012127 -0.002514
0.136359 0.055780 -0.002516 -0.000767
-0.012127 -0.002516 0.607984 0.136757
-0.002514 -0.000767 0.136757 0.056031
14.963869 1.243725 16.735081 2.133418
0.586831 0.128144 -0.007082 -0.001280
0.128144 0.052623 -0.001283 -0.000430
-0.007082 -0.001283 0.587344 0.128449
-0.001280 -0.000430 0.128449 0.052814
15.087437 1.137085 17.469652 2.062116
0.567491 0.121284 -0.007349 -0.001326
0.121284 0.050267 -0.001328 -0.000409
-0.007349 -0.001328 0.567336 0.121419
-0.001326 -0.000409 0.121419 0.050391
15.598090 1.124687 18.019012 1.960592
0.545169 0.114719 -0.002284 -0.000233
0.114719 0.048334 -0.000236 -0.000151
-0.002284 -0.000236 0.544878 0.114809
-0.000233 -0.000151 0.114809 0.048426
17.238172 1.349436 19.393760 2.043265
0.529351 0.110325 -0.001018 -0.000035
0.110325 0.047121 -0.000038 -0.000104
-0.001018 -0.000038 0.529582 0.110510
-0.000035 -0.000104 0.110510 0.047216
18.295294 1.428647 20.110444 1.980063
0.517392 0.107257 -0.001289 -0.000159
0.107257 0.046342 -0.000160 -0.000124
-0.001289 -0.000160 0.517760 0.107445
-0.000159 -0.000124 0.107445 0.046421
18.581455 1.340187 21.837228 2.132513
0.507734 0.105014 0.000060 0.000081
0.105014 0.045827 0.000079 -0.000065
0.000060 0.000079 0.507628 0.105079
0.000081 -0.000065 0.105079 0.045868
19.278672 1.345791 22.747571 2.100247
0.501508 0.103717 0.001066 0.000239
0.103717 0.045561 0.000237 -0.000027
0.001066 0.000237 0.501362 0.103760
0.000239 -0.000027 0.103760 0.045590
19.859690 1.326799 23.391149 2.016033
0.494173 0.102311 0.001024 0.000177
0.102311 0.045295 0.000176 -0.000035
0.001024 0.000176 0.493951 0.102328
0.000177 -0.000035 0.102328 0.045312
20.467216 1.315163 24.683178 2.075006
0.492352 0.102165 0.001572 0.000256
0.102165 0.045306 0.000254 -0.000011
0.001572 0.000254 0.492272 0.102202
0.000256 -0.000011 0.102202 0.045323
20.690106 1.224734 25.897878 2.111961
0.488963 0.101676 0.003430 0.000609
0.101676 0.045234 0.000608 0.000068
0.003430 0.000608 0.489038 0.101735
0.000609 0.000068 0.101735 0.045251
21.040419 1.170236 26.600659 2.038413
0.487371 0.101577 0.002662 0.000391
0.101577 0.045239 0.000390 0.000024
0.002662 0.000390 0.487436 0.101622
0.000391 0.000024 0.101622 0.045250
21.476995 1.139240 27.553499 2.024608
0.483156 0.100903 0.004098 0.000667
0.100903 0.045113 0.000666 0.000089
0.004098 0.000666 0.483492 0.100995
0.000667 0.000089 0.100995 0.045132
21.942980 1.117373 28.917026 2.098188
0.479501 0.100374 0.003007 0.000395
0.100374 0.045019 0.000394 0.000034
0.003007 0.000394 0.480500 0.100592
0.000395 0.000034 0.100592 0.045062
22.837125 1.187559 30.374576 2.183718
0.478414 0.100395 0.000050 -0.000235
0.100395 0.045038 -0.000236 -0.000089
0.000050 -0.000236 0.480253 0.100766
-0.000235 -0.000089 0.100766 0.045109
23.221571 1.143305 32.058786 2.308295
0.478540 0.100625 -0.002084 -0.000629
0.100625 0.045088 -0.000631 -0.000153
-0.002084 -0.000631 0.481594 0.101217
-0.000629 -0.000153 0.101217 0.045201
23.498355 1.081320 32.715828 2.203786
0.476350 0.100308 -0.001695 -0.000459
0.100308 0.045011 -0.000460 -0.000096
-0.001695 -0.000460 0.479514 0.100873
-0.000459 -0.000096 0.100873 0.045111
24.277966 1.131798 32.732059 1.975152
0.476580 0.100498 -0.000224 -0.000086
0.100498 0.045042 -0.000087 -0.000006
-0.000224 -0.000087 0.478939 0.100853
-0.000086 -0.000006 0.100853 0.045094
24.305215 1.018113 33.517091 1.932489
0.475575 0.100380 0.000889 0.000169
0.100380 0.044999 0.000169 0.000050
0.000889 0.000169 0.478666 0.100875
0.000169 0.000050 0.100875 0.045084
24.594490 0.971708 34.097808 1.851208
0.474710 0.100278 -0.000923 -0.000221
0.100278 0.044961 -0.000222 -0.000036
-0.000923 -0.000222 0.478208 0.100835
-0.000221 -0.000036 0.100835 0.045059
25.182594 0.993319 34.651199 1.772690
0.475974 0.100614 0.000314 0.000070
0.100614 0.045016 0.000070 0.000029
0.000314 0.000070 0.479743 0.101203
0.000070 0.000029 0.101203 0.045120
25.662586 0.989796 35.636010 1.793460
0.479102 0.101294 -0.000906 -0.000190
0.101294 0.045136 -0.000190 -0.000029
-0.000906 -0.000190 0.483855 0.102065
-0.000190 -0.000029 0.102065 0.045279
26.571467 1.077245 35.963077 1.673425
0.481250 0.101690 -0.002409 -0.000485
0.101690 0.045187 -0.000486 -0.000090
-0.002409 -0.000486 0.485738 0.102368
-0.000485 -0.000090 0.102368 0.045308
27.339076 1.125610 36.980630 1.711526
0.480197 0.101371 -0.003179 -0.000601
0.101371 0.045086 -0.000602 -0.000108
-0.003179 -0.000602 0.485924 0.102290
-0.000601 -0.000108 0.102290 0.045260
28.134669 1.174890 38.516516 1.854615
0.475457 0.100311 -0.004474 -0.000824
0.100311 0.044843 -0.000825 -0.000150
-0.004474 -0.000825 0.483523 0.101686
-0.000824 -0.000150 0.101686 0.045111
29.194065 1.274451 39.294577 1.823417
0.476509 0.100576 -0.006652 -0.001218
0.100576 0.044902 -0.001220 -0.000226
-0.006652 -0.001220 0.484873 0.101937
-0.001218 -0.000226 0.101937 0.045159
30.444520 1.403996 40.366201 1.857370
0.473836 0.100025 -0.006348 -0.001064
0.100025 0.044783 -0.001066 -0.000183
-0.006348 -0.001066 0.483176 0.101530
-0.001064 -0.000183 0.101530 0.045066
31.254470 1.426853 41.371400 1.873524
0.475510 0.100437 -0.008596 -0.001472
0.100437 0.044876 -0.001475 -0.000267
-0.008596 -0.001475 0.485788 0.102072
-0.001472 -0.000267 0.102072 0.045182
31.622337 1.353808 42.261706 1.863459
0.474733 0.100283 -0.011113 -0.001911
0.100283 0.044839 -0.001915 -0.000352
-0.011113 -0.001915 0.486318 0.102126
-0.001911 -0.000352 0.102126 0.045186
32.067230 1.304690 43.113584 1.846434
0.469546 0.099212 -0.010014 -0.001569
0.099212 0.044611 -0.001570 -0.000271
-0.010014 -0.001570 0.482561 0.101287
-0.001569 -0.000271 0.101287 0.045005
32.700991 1.300803 44.072643 1.853937
0.468760 0.099166 -0.008556 -0.001197
0.099166 0.044618 -0.001194 -0.000194
-0.008556 -0.001194 0.482945 0.101405
-0.001197 -0.000194 0.101405 0.045043
33.477154 1.327881 45.334205 1.924380
0.464902 0.098451 -0.012171 -0.001943
0.098451 0.044476 -0.001944 -0.000363
-0.012171 -0.001944 0.481179 0.101050
-0.001943 -0.000363 0.101050 0.044975
34.052352 1.309995 46.925416 2.056439
0.465031 0.098631 -0.015893 -0.002644
0.098631 0.044531 -0.002648 -0.000507
-0.015893 -0.002648 0.484193 0.101732
-0.002644 -0.000507 0.101732 0.045129
34.897159 1.348889 47.154017 1.888753
0.467786 0.099332 -0.016237 -0.002579
0.099332 0.044685 -0.002585 -0.000482
-0.016237 -0.002585 0.485300 0.101948
-0.002579 -0.000482 0.101948 0.045170
35.487644 1.330883 48.015302 1.871130
0.465154 0.098804 -0.015483 -0.002321
0.098804 0.044561 -0.002322 -0.000424
-0.015483 -0.002322 0.483990 0.101639
-0.002321 -0.000424 0.101639 0.045100
