5.157983 3.025332 1.125028 -0.442026
2.443218 0.977308 -0.060656 -0.024263
0.977308 80.394998 -0.024263 -0.009705
-0.060656 -0.024263 2.485490 0.994218
-0.024263 -0.009705 0.994218 80.401762
4.163134 -1.361846 1.435852 0.473962
2.262093 3.959716 -0.111758 -0.183372
3.959716 15.243603 -0.183631 -0.475047
-0.111758 -0.183631 2.290555 4.001164
-0.183372 -0.475047 4.001164 15.423504
5.550503 1.027528 1.878042 0.722664
1.973369 2.278449 -0.030189 -0.023621
2.278449 4.507286 -0.023590 -0.069002
-0.030189 -0.023590 2.009516 2.319942
-0.023621 -0.069002 2.319942 4.584538
5.931932 0.915749 1.474199 0.077969
1.707591 1.439122 -0.007870 -0.006080
1.439122 1.904554 -0.006065 -0.026167
-0.007870 -0.006065 1.743260 1.468677
-0.006080 -0.026167 1.468677 1.940105
6.393159 0.916373 2.559415 0.768385
1.471353 0.971659 -0.035454 -0.025689
0.971659 0.971216 -0.025686 -0.028267
-0.035454 -0.025686 1.495660 0.987060
-0.025689 -0.028267 0.987060 0.986316
6.831164 0.905147 3.206238 0.910934
1.301270 0.706521 -0.017380 -0.010792
0.706521 0.567902 -0.010785 -0.011725
-0.017380 -0.010785 1.320950 0.716888
-0.010792 -0.011725 0.716888 0.576353
7.785143 1.134848 5.132922 1.588775
1.161889 0.535902 -0.023506 -0.012089
0.535902 0.362668 -0.012080 -0.009128
-0.023506 -0.012080 1.173525 0.541139
-0.012089 -0.009128 0.541139 0.366855
8.467661 1.180187 7.043942 2.037231
1.044729 0.419620 -0.039077 -0.016538
0.419620 0.247636 -0.016528 -0.008841
-0.039077 -0.016528 1.050589 0.422051
-0.016538 -0.008841 0.422051 0.249833
9.054279 1.179012 7.748938 1.925264
0.943086 0.336474 -0.035228 -0.012772
0.336474 0.178349 -0.012766 -0.005877
-0.035228 -0.012766 0.948811 0.338750
-0.012772 -0.005877 0.338750 0.180048
10.368121 1.412405 8.370790 1.815462
0.867416 0.279564 -0.029477 -0.009347
0.279564 0.135864 -0.009344 -0.003852
-0.029477 -0.009344 0.874978 0.282269
-0.009347 -0.003852 0.282269 0.137382
11.064890 1.409542 9.084377 1.758090
0.802698 0.236962 -0.025867 -0.007315
0.236962 0.107865 -0.007313 -0.002729
-0.025867 -0.007313 0.809557 0.239205
-0.007315 -0.002729 0.239205 0.108992
11.464405 1.326050 10.124582 1.802081
0.746625 0.204423 -0.014139 -0.003455
0.204423 0.088849 -0.003457 -0.001347
-0.014139 -0.003457 0.751438 0.205906
-0.003455 -0.001347 0.205906 0.089594
12.436769 1.405760 11.542182 1.935022
0.700358 0.179894 -0.010526 -0.002360
0.179894 0.075817 -0.002362 -0.000928
-0.010526 -0.002362 0.703836 0.180925
-0.002360 -0.000928 0.180925 0.076336
12.924445 1.353359 12.510925 1.935233
0.663550 0.161570 -0.011220 -0.002459
0.161570 0.066820 -0.002461 -0.000862
-0.011220 -0.002461 0.665997 0.162284
-0.002459 -0.000862 0.162284 0.067189
13.534055 1.337511 12.937814 1.809130
0.628538 0.146440 -0.011625 -0.002449
0.146440 0.060220 -0.002451 -0.000780
-0.011625 -0.002451 0.631078 0.147136
-0.002449 -0.000780 0.147136 0.060533
13.908745 1.271721 14.611090 1.982012
0.602841 0.135600 -0.010263 -0.002026
0.135600 0.055727 -0.002028 -0.000617
-0.010263 -0.002028 0.603479 0.135825
-0.002026 -0.000617 0.135825 0.055894
14.931918 1.356730 16.108678 2.093134
0.574854 0.125781 -0.009417 -0.001764
0.125781 0.052209 -0.001766 -0.000512
-0.009417 -0.001766 0.575031 0.125904
-0.001764 -0.000512 0.125904 0.052329
15.805277 1.398655 17.346546 2.134300
0.556206 0.119275 -0.007986 -0.001397
0.119275 0.049948 -0.001398 -0.000398
-0.007986 -0.001398 0.556154 0.119352
-0.001397 -0.000398 0.119352 0.050039
16.238997 1.342268 17.999861 2.046601
0.541701 0.114497 -0.004772 -0.000687
0.114497 0.048395 -0.000688 -0.000224
-0.004772 -0.000688 0.541462 0.114535
-0.000687 -0.000224 0.114535 0.048464
16.901872 1.340265 18.504913 1.938052
0.530148 0.110947 -0.003651 -0.000482
0.110947 0.047327 -0.000484 -0.000173
-0.003651 -0.000484 0.530011 0.111006
-0.000482 -0.000173 0.111006 0.047388
17.545606 1.334861 19.659114 1.976576
0.517568 0.107628 -0.000574 0.000119
0.107628 0.046456 0.000117 -0.000043
-0.000574 0.000117 0.517221 0.107637
0.000119 -0.000043 0.107637 0.046496
17.995095 1.289775 20.969193 2.043271
0.507350 0.105180 -0.001943 -0.000249
0.105180 0.045874 -0.000250 -0.000123
-0.001943 -0.000250 0.506737 0.105130
-0.000249 -0.000123 0.105130 0.045894
19.083316 1.381643 22.063659 2.058478
0.499352 0.103457 -0.001282 -0.000145
0.103457 0.045506 -0.000146 -0.000095
-0.001282 -0.000146 0.498957 0.103452
-0.000145 -0.000095 0.103452 0.045529
19.524364 1.329885 23.330794 2.107805
0.493341 0.102312 -0.001370 -0.000197
0.102312 0.045291 -0.000198 -0.000100
-0.001370 -0.000198 0.492928 0.102297
-0.000197 -0.000100 0.102297 0.045305
19.965018 1.283262 24.242026 2.078110
0.492079 0.102247 -0.000684 -0.000074
0.102247 0.045312 -0.000075 -0.000068
-0.000684 -0.000075 0.491680 0.102229
-0.000074 -0.000068 0.102229 0.045322
20.908644 1.346118 25.233451 2.068217
0.485692 0.101096 -0.003532 -0.000693
0.101096 0.045096 -0.000693 -0.000192
-0.003532 -0.000693 0.485536 0.101122
-0.000693 -0.000192 0.101122 0.045111
21.459720 1.320667 26.298884 2.074736
0.481593 0.100502 -0.000427 -0.000006
0.100502 0.045006 -0.000006 -0.000032
-0.000427 -0.000006 0.481680 0.100569
-0.000006 -0.000032 0.100569 0.045025
22.218193 1.341204 27.336295 2.074756
0.479114 0.100263 -0.000309 -0.000008
0.100263 0.044985 -0.000008 -0.000032
-0.000309 -0.000008 0.479506 0.100380
-0.000008 -0.000032 0.100380 0.045011
23.302197 1.427912 27.995613 1.995453
0.478773 0.100451 -0.003415 -0.000681
0.100451 0.045043 -0.000681 -0.000172
-0.003415 -0.000681 0.479215 0.100561
-0.000681 -0.000172 0.100561 0.045064
23.424621 1.303634 29.440219 2.089298
0.479993 0.100907 -0.001543 -0.000240
0.100907 0.045142 -0.000240 -0.000065
-0.001543 -0.000240 0.481276 0.101180
-0.000240 -0.000065 0.101180 0.045195
24.021639 1.292101 30.485795 2.089483
0.478457 0.100704 0.000201 0.000128
0.100704 0.045085 0.000128 0.000015
0.000201 0.000128 0.480230 0.101051
0.000128 0.000015 0.101051 0.045150
24.042412 1.160279 30.882657 1.952978
0.479132 0.100957 -0.001853 -0.000337
0.100957 0.045125 -0.000337 -0.000087
-0.001853 -0.000337 0.480850 0.101262
-0.000337 -0.000087 0.101262 0.045177
24.850752 1.208377 31.758397 1.931786
0.477419 0.100656 -0.003074 -0.000579
0.100656 0.045042 -0.000579 -0.000132
-0.003074 -0.000579 0.479581 0.101033
-0.000579 -0.000132 0.101033 0.045106
25.312661 1.178373 32.788518 1.945291
0.476298 0.100490 -0.003215 -0.000571
0.100490 0.044991 -0.000571 -0.000122
-0.003215 -0.000571 0.479242 0.101006
-0.000571 -0.000122 0.101006 0.045084
26.484419 1.301484 34.157980 2.029123
0.471934 0.099636 -0.004229 -0.000753
0.099636 0.044798 -0.000753 -0.000155
-0.004229 -0.000753 0.475992 0.100353
-0.000753 -0.000155 0.100353 0.044930
26.911138 1.254271 35.543492 2.107308
0.467346 0.098796 -0.004933 -0.000858
0.098796 0.044621 -0.000857 -0.000170
-0.004933 -0.000857 0.472959 0.099795
-0.000858 -0.000170 0.099795 0.044808
27.413159 1.227635 36.324093 2.049562
0.468178 0.099157 -0.005831 -0.000997
0.099157 0.044707 -0.000997 -0.000193
-0.005831 -0.000997 0.474167 0.100168
-0.000997 -0.000193 0.100168 0.044890
27.933001 1.207553 37.101005 1.997107
0.470876 0.099849 -0.004127 -0.000580
0.099849 0.044849 -0.000579 -0.000099
-0.004127 -0.000579 0.477225 0.100876
-0.000580 -0.000099 0.100876 0.045031
28.292963 1.156155 38.599744 2.102662
0.470347 0.099765 -0.005071 -0.000772
0.099765 0.044809 -0.000771 -0.000144
-0.005071 -0.000771 0.478748 0.101177
-0.000772 -0.000144 0.101177 0.045072
28.827534 1.146508 39.042820 1.974150
0.468682 0.099436 -0.002794 -0.000270
0.099436 0.044721 -0.000267 -0.000039
-0.002794 -0.000267 0.476988 0.100753
-0.000270 -0.000039 0.100753 0.044959
29.270497 1.118875 40.066252 1.981748
0.466012 0.098912 -0.003804 -0.000514
0.098912 0.044598 -0.000512 -0.000101
-0.003804 -0.000512 0.475712 0.100471
-0.000514 -0.000101 0.100471 0.044887
29.853090 1.123667 40.849001 1.937799
0.469013 0.099631 -0.002172 -0.000172
0.099631 0.044749 -0.000168 -0.000032
-0.002172 -0.000168 0.479149 0.101211
-0.000172 -0.000032 0.101211 0.045039
30.309199 1.101387 42.152664 2.008413
0.469262 0.099679 -0.004729 -0.000749
0.099679 0.044740 -0.000748 -0.000164
-0.004729 -0.000748 0.481407 0.101624
-0.000749 -0.000164 0.101624 0.045108
30.825449 1.093785 42.658175 1.903215
0.471452 0.100129 -0.005305 -0.000849
0.100129 0.044819 -0.000849 -0.000181
-0.005305 -0.000849 0.483485 0.101967
-0.000849 -0.000181 0.101967 0.045160
31.485806 1.118173 44.090525 2.004563
0.466847 0.099089 -0.008427 -0.001482
0.099089 0.044576 -0.001485 -0.000311
-0.008427 -0.001485 0.481610 0.101454
-0.001482 -0.000311 0.101454 0.045031
31.987850 1.106157 45.214482 2.030136
0.466268 0.099006 -0.011568 -0.002060
0.099006 0.044560 -0.002066 -0.000420
-0.011568 -0.002066 0.482785 0.101645
-0.002060 -0.000420 0.101645 0.045067
32.497792 1.096566 45.833071 1.946657
0.468691 0.099565 -0.009924 -0.001584
0.099565 0.044680 -0.001586 -0.000299
-0.009924 -0.001586 0.485282 0.102110
-0.001584 -0.000299 0.102110 0.045161
33.666706 1.227978 46.457923 1.874144
0.465244 0.098815 -0.009325 -0.001397
0.098815 0.044510 -0.001398 -0.000258
-0.009325 -0.001398 0.481951 0.101314
-0.001397 -0.000258 0.101314 0.044984
34.275781 1.226836 47.319717 1.858312
0.468653 0.099593 -0.008080 -0.001095
0.099593 0.044681 -0.001091 -0.000196
-0.008080 -0.001091 0.486162 0.102194
-0.001095 -0.000196 0.102194 0.045178
35.298152 1.313965 48.435909 1.898124
0.469274 0.099695 -0.008147 -0.001109
0.099695 0.044690 -0.001104 -0.000208
-0.008147 -0.001104 0.488136 0.102523
-0.001109 -0.000208 0.102523 0.045240
