4.404194 2.723810 0.415994 -0.725646
2.439596 0.975859 -0.039137 -0.015655
0.975859 80.394419 -0.015655 -0.006262
-0.039137 -0.015655 2.478866 0.991568
-0.015655 -0.006262 0.991568 80.400702
3.773239 -0.757350 2.529917 3.596028
2.198428 3.849284 -0.066756 -0.109213
3.849284 15.041925 -0.109399 -0.291138
-0.066756 -0.109399 2.210553 3.862995
-0.109213 -0.291138 3.862995 15.166177
4.519612 0.544125 3.465244 2.598841
1.994720 2.312424 -0.089136 -0.096524
2.312424 4.544154 -0.096518 -0.138657
-0.089136 -0.096518 2.007920 2.329734
-0.096524 -0.138657 2.329734 4.591423
5.417816 1.065950 3.174628 1.259909
1.715608 1.445149 -0.096794 -0.075347
1.445149 1.903343 -0.075293 -0.073809
-0.096794 -0.075293 1.735973 1.463978
-0.075347 -0.073809 1.463978 1.928930
7.352716 1.999093 6.128098 2.798566
1.471714 0.970458 -0.055361 -0.031067
0.970458 0.967066 -0.031091 -0.025586
-0.055361 -0.031091 1.480321 0.976760
-0.031067 -0.025586 0.976760 0.975342
7.521772 1.548336 7.333345 2.691254
1.270189 0.688612 -0.036493 -0.016719
0.688612 0.556463 -0.016745 -0.012720
-0.036493 -0.016745 1.273416 0.690944
-0.016719 -0.012720 0.690944 0.559989
7.869439 1.350107 7.640149 2.210781
1.142780 0.527255 -0.017030 -0.006246
0.527255 0.358084 -0.006267 -0.005568
-0.017030 -0.006267 1.146353 0.529516
-0.006246 -0.005568 0.529516 0.360527
8.948215 1.511945 7.792216 1.827243
1.021519 0.410671 -0.017404 -0.006481
0.410671 0.243732 -0.006490 -0.004689
-0.017404 -0.006490 1.028181 0.413868
-0.006481 -0.004689 0.413868 0.245911
9.417396 1.409450 8.753257 1.844182
0.941815 0.336601 -0.025217 -0.008933
0.336601 0.178258 -0.008936 -0.004744
-0.025217 -0.008936 0.946070 0.338479
-0.008933 -0.004744 0.338479 0.179501
10.862701 1.648308 8.479323 1.457976
0.859500 0.277309 -0.023761 -0.007604
0.277309 0.134968 -0.007605 -0.003560
-0.023761 -0.007605 0.867936 0.280305
-0.007604 -0.003560 0.280305 0.136324
11.235915 1.515003 8.872169 1.358524
0.795682 0.235138 -0.025780 -0.007519
0.235138 0.107194 -0.007519 -0.003023
-0.025780 -0.007519 0.803029 0.237442
-0.007519 -0.003023 0.237442 0.108126
12.281649 1.594316 10.649216 1.659560
0.739844 0.202778 -0.016496 -0.004309
0.202778 0.088292 -0.004310 -0.001754
-0.016496 -0.004310 0.744263 0.204031
-0.004309 -0.001754 0.204031 0.088804
12.961841 1.564621 12.823661 2.005334
0.694026 0.178468 -0.007933 -0.001840
0.178468 0.075368 -0.001842 -0.000914
-0.007933 -0.001842 0.695042 0.178742
-0.001840 -0.000914 0.178742 0.075561
13.693859 1.552370 13.894962 2.022062
0.655543 0.159816 -0.008809 -0.002044
0.159816 0.066329 -0.002045 -0.000861
-0.008809 -0.002045 0.656060 0.159974
-0.002044 -0.000861 0.159974 0.066467
13.716101 1.376396 14.586162 1.947306
0.622850 0.145342 -0.005810 -0.001275
0.145342 0.059921 -0.001276 -0.000588
-0.005810 -0.001276 0.622524 0.145312
-0.001275 -0.000588 0.145312 0.059996
13.912351 1.265517 15.080846 1.839298
0.594818 0.134021 -0.000605 -0.000089
0.134021 0.055338 -0.000091 -0.000258
-0.000605 -0.000091 0.594190 0.133942
-0.000089 -0.000258 0.133942 0.055389
14.104557 1.168914 16.015757 1.842677
0.577461 0.126622 -0.001593 -0.000389
0.126622 0.052375 -0.000391 -0.000293
-0.001593 -0.000391 0.576176 0.126417
-0.000389 -0.000293 0.126417 0.052387
15.294196 1.298831 17.003560 1.856878
0.557500 0.119689 -0.001414 -0.000377
0.119689 0.049996 -0.000378 -0.000254
-0.001414 -0.000378 0.556748 0.119621
-0.000377 -0.000254 0.119621 0.050031
15.697031 1.246711 17.783650 1.825520
0.542321 0.114685 -0.001628 -0.000432
0.114685 0.048387 -0.000433 -0.000234
-0.001628 -0.000433 0.541361 0.114577
-0.000432 -0.000234 0.114577 0.048404
16.350150 1.252951 18.626666 1.810906
0.527994 0.110507 0.001769 0.000288
0.110507 0.047187 0.000287 -0.000054
0.001769 0.000287 0.527049 0.110406
0.000288 -0.000054 0.110406 0.047199
17.126470 1.284142 19.441675 1.792038
0.516822 0.107501 0.000891 0.000055
0.107501 0.046394 0.000054 -0.000090
0.000891 0.000054 0.516014 0.107430
0.000055 -0.000090 0.107430 0.046405
18.329757 1.400379 20.806972 1.889271
0.507766 0.105288 0.001700 0.000208
0.105288 0.045866 0.000207 -0.000041
0.001700 0.000207 0.507190 0.105261
0.000208 -0.000041 0.105261 0.045880
19.151856 1.425645 21.722647 1.883226
0.501415 0.103880 0.000488 -0.000064
0.103880 0.045565 -0.000064 -0.000085
0.000488 -0.000064 0.500943 0.103867
-0.000064 -0.000085 0.103867 0.045576
19.292136 1.306851 23.045411 1.962464
0.492324 0.102049 -0.000834 -0.000324
0.102049 0.045204 -0.000325 -0.000122
-0.000834 -0.000325 0.491737 0.102000
-0.000324 -0.000122 0.102000 0.045203
20.053463 1.329289 23.921586 1.940602
0.488906 0.101558 0.002960 0.000504
0.101558 0.045147 0.000503 0.000068
0.002960 0.000503 0.488456 0.101531
0.000504 0.000068 0.101531 0.045147
21.007728 1.389418 25.456050 2.058049
0.487077 0.101418 0.000056 -0.000140
0.101418 0.045157 -0.000140 -0.000065
0.000056 -0.000140 0.487032 0.101468
-0.000140 -0.000065 0.101468 0.045171
20.979899 1.238685 26.317939 2.023339
0.484888 0.101184 0.000075 -0.000107
0.101184 0.045136 -0.000107 -0.000045
0.000075 -0.000107 0.484918 0.101234
-0.000107 -0.000045 0.101234 0.045146
21.955107 1.313106 27.303915 2.017893
0.482085 0.100810 -0.000124 -0.000123
0.100810 0.045077 -0.000123 -0.000039
-0.000124 -0.000123 0.482439 0.100915
-0.000123 -0.000039 0.100915 0.045096
22.751637 1.342336 29.000259 2.161941
0.475968 0.099742 0.000702 0.000076
0.099742 0.044868 0.000076 0.000010
0.000702 0.000076 0.477210 0.100016
0.000076 0.000010 0.100016 0.044920
23.490960 1.356752 29.415545 2.022066
0.474753 0.099766 0.000192 -0.000026
0.099766 0.044896 -0.000027 -0.000009
0.000192 -0.000027 0.475803 0.099969
-0.000026 -0.000009 0.099969 0.044928
24.426358 1.410907 30.276087 1.990351
0.474339 0.099912 -0.001556 -0.000381
0.099912 0.044935 -0.000381 -0.000080
-0.001556 -0.000381 0.475676 0.100155
-0.000381 -0.000080 0.100155 0.044974
24.692817 1.318274 31.405532 2.018672
0.475168 0.100264 -0.002535 -0.000541
0.100264 0.045005 -0.000541 -0.000105
-0.002535 -0.000541 0.477298 0.100655
-0.000541 -0.000105 0.100655 0.045074
24.768404 1.195030 32.636059 2.065293
0.473549 0.100030 -0.002810 -0.000544
0.100030 0.044938 -0.000544 -0.000097
-0.002810 -0.000544 0.476772 0.100621
-0.000544 -0.000097 0.100621 0.045047
25.106893 1.140242 33.593450 2.049348
0.471649 0.099732 -0.002279 -0.000384
0.099732 0.044860 -0.000384 -0.000058
-0.002279 -0.000384 0.475572 0.100427
-0.000384 -0.000058 0.100427 0.044985
25.913060 1.190253 34.787717 2.085244
0.470723 0.099643 -0.000370 0.000045
0.099643 0.044828 0.000046 0.000033
-0.000370 0.000046 0.475565 0.100485
0.000045 0.000033 0.100485 0.044981
26.264225 1.138491 35.495814 2.014481
0.473747 0.100374 0.001175 0.000353
0.100374 0.044970 0.000355 0.000089
0.001175 0.000355 0.478856 0.101217
0.000353 0.000089 0.101217 0.045118
26.469172 1.061301 36.455171 2.004321
0.474419 0.100515 0.002779 0.000644
0.100515 0.044971 0.000646 0.000139
0.002779 0.000646 0.480490 0.101515
0.000644 0.000139 0.101515 0.045151
27.412213 1.148676 36.633357 1.830356
0.476558 0.100943 0.000711 0.000136
0.100943 0.045034 0.000137 0.000017
0.000711 0.000137 0.481757 0.101706
0.000136 0.000017 0.101706 0.045161
28.044448 1.160927 37.619532 1.845328
0.476276 0.100813 -0.001764 -0.000400
0.100813 0.044976 -0.000402 -0.000097
-0.001764 -0.000402 0.482569 0.101786
-0.000400 -0.000097 0.101786 0.045152
28.644345 1.165046 38.888121 1.918228
0.474546 0.100391 -0.002887 -0.000598
0.100391 0.044865 -0.000600 -0.000129
-0.002887 -0.000600 0.482598 0.101701
-0.000598 -0.000129 0.101701 0.045113
29.228052 1.165279 39.720266 1.891490
0.476238 0.100735 -0.002422 -0.000446
0.100735 0.044928 -0.000448 -0.000086
-0.002422 -0.000448 0.484967 0.102127
-0.000446 -0.000086 0.102127 0.045189
30.213319 1.250370 40.492476 1.855064
0.474539 0.100329 -0.004368 -0.000823
0.100329 0.044828 -0.000826 -0.000162
-0.004368 -0.000826 0.483748 0.101766
-0.000823 -0.000162 0.101766 0.045097
30.561888 1.191899 41.450967 1.861481
0.473533 0.100111 -0.006054 -0.001115
0.100111 0.044779 -0.001118 -0.000214
-0.006054 -0.001118 0.484221 0.101809
-0.001115 -0.000214 0.101809 0.045102
31.218594 1.204868 42.623806 1.912390
0.471375 0.099672 -0.005232 -0.000861
0.099672 0.044688 -0.000862 -0.000150
-0.005232 -0.000862 0.483820 0.101674
-0.000861 -0.000150 0.101674 0.045072
32.820907 1.416644 43.960711 1.992979
0.473754 0.100229 -0.006759 -0.001134
0.100229 0.044814 -0.001136 -0.000206
-0.006759 -0.001136 0.487038 0.102320
-0.001134 -0.000206 0.102320 0.045210
33.417051 1.392879 44.913429 1.983708
0.470429 0.099517 -0.010950 -0.001952
0.099517 0.044658 -0.001960 -0.000375
-0.010950 -0.001960 0.485165 0.101840
-0.001952 -0.000375 0.101840 0.045101
34.012936 1.371189 45.506078 1.899821
0.470356 0.099563 -0.011040 -0.001841
0.099563 0.044676 -0.001847 -0.000336
-0.011040 -0.001847 0.485295 0.101842
-0.001841 -0.000336 0.101842 0.045107
34.720797 1.375144 45.833467 1.769216
0.470504 0.099645 -0.009363 -0.001388
0.099645 0.044698 -0.001391 -0.000234
-0.009363 -0.001391 0.484844 0.101730
-0.001388 -0.000234 0.101730 0.045089
35.270547 1.345753 46.572655 1.738520
0.470691 0.099713 -0.012589 -0.002024
0.099713 0.044712 -0.002031 -0.000374
-0.012589 -0.002031 0.486002 0.101966
-0.002024 -0.000374 0.101966 0.045145
35.897661 1.337140 48.165891 1.890341
0.468353 0.099236 -0.013770 -0.002185
0.099236 0.044608 -0.002188 -0.000404
-0.013770 -0.002188 0.487173 0.102188
-0.002185 -0.000404 0.102188 0.045193
