2.410055 1.926137 -0.774836 -1.201988
2.456606 0.982664 -0.405799 -0.162323
0.982664 80.397141 -0.162323 -0.064931
-0.405799 -0.162323 2.443948 0.977600
-0.162323 -0.064931 0.977600 80.395115
8.294027 10.608723 0.582427 2.401179
2.215438 3.867227 -0.304422 -0.455204
3.867227 15.075893 -0.448227 -1.822564
-0.304422 -0.448227 2.404105 4.200114
-0.455204 -1.822564 4.200114 15.626342
7.761416 3.843209 0.679972 1.128954
1.895268 2.193989 -0.304018 -0.343935
2.193989 4.414513 -0.343287 -0.678422
-0.304018 -0.343287 2.111041 2.412846
-0.343935 -0.678422 2.412846 4.656259
8.609596 2.931689 0.575725 0.571883
1.669807 1.415625 -0.216210 -0.180843
1.415625 1.887526 -0.179956 -0.258410
-0.216210 -0.179956 1.833168 1.528241
-0.180843 -0.258410 1.528241 1.981841
7.270513 1.069841 2.087362 1.379363
1.427799 0.947371 -0.176613 -0.118890
0.947371 0.954784 -0.118428 -0.130334
-0.176613 -0.118428 1.525291 0.996635
-0.118890 -0.130334 0.996635 0.991159
8.211136 1.290881 2.874311 1.430620
1.243458 0.678264 -0.152789 -0.085846
0.678264 0.551902 -0.085616 -0.075424
-0.152789 -0.085616 1.323353 0.713450
-0.085846 -0.075424 0.713450 0.575612
8.431888 1.090199 5.659108 2.382283
1.098461 0.509399 -0.105252 -0.051192
0.509399 0.349989 -0.050882 -0.040992
-0.105252 -0.050882 1.135125 0.521661
-0.051192 -0.040992 0.521661 0.359562
8.926543 1.070087 6.733553 2.335519
1.018201 0.411629 -0.076512 -0.033605
0.411629 0.244172 -0.033361 -0.024944
-0.076512 -0.033361 1.045537 0.420457
-0.033605 -0.024944 0.420457 0.251013
10.381243 1.399919 7.856718 2.316790
0.942993 0.338294 -0.079962 -0.031448
0.338294 0.178624 -0.031309 -0.019155
-0.079962 -0.031309 0.970478 0.347306
-0.031448 -0.019155 0.347306 0.184478
10.571871 1.237560 8.116423 2.027994
0.864108 0.279337 -0.052264 -0.019175
0.279337 0.135258 -0.019079 -0.011716
-0.052264 -0.019079 0.889161 0.287215
-0.019175 -0.011716 0.287215 0.139835
11.526666 1.336661 9.211976 2.051228
0.786637 0.232592 -0.049086 -0.016556
0.232592 0.106067 -0.016490 -0.008918
-0.049086 -0.016490 0.808291 0.239055
-0.016556 -0.008918 0.239055 0.109540
11.851835 1.240874 11.029174 2.269153
0.733317 0.201074 -0.041279 -0.013010
0.201074 0.087534 -0.012945 -0.006525
-0.041279 -0.012945 0.744599 0.204343
-0.013010 -0.006525 0.204343 0.089633
12.403767 1.224157 11.689910 2.147240
0.687457 0.176840 -0.042554 -0.012310
0.176840 0.074720 -0.012261 -0.005373
-0.042554 -0.012261 0.697581 0.179761
-0.012310 -0.005373 0.179761 0.076428
13.066291 1.237113 12.291570 2.031846
0.648226 0.158083 -0.032623 -0.008902
0.158083 0.065726 -0.008870 -0.003806
-0.032623 -0.008870 0.657992 0.160824
-0.008902 -0.003806 0.160824 0.067150
14.138543 1.343356 12.982257 1.955271
0.615383 0.143675 -0.023000 -0.006032
0.143675 0.059394 -0.006014 -0.002641
-0.023000 -0.006014 0.625917 0.146470
-0.006032 -0.002641 0.146470 0.060638
14.633936 1.302932 14.788530 2.142622
0.597709 0.134792 -0.022434 -0.005567
0.134792 0.055412 -0.005549 -0.002204
-0.022434 -0.005549 0.602943 0.136234
-0.005567 -0.002204 0.136234 0.056192
15.872986 1.431815 15.760179 2.120414
0.574277 0.125922 -0.017793 -0.004215
0.125922 0.052117 -0.004204 -0.001646
-0.017793 -0.004204 0.579934 0.127413
-0.004215 -0.001646 0.127413 0.052806
15.961470 1.296915 17.452200 2.256491
0.554046 0.118962 -0.015858 -0.003580
0.118962 0.049759 -0.003570 -0.001322
-0.015858 -0.003570 0.555484 0.119474
-0.003580 -0.001322 0.119474 0.050151
16.384696 1.249280 18.431560 2.224953
0.533926 0.112950 -0.016424 -0.003522
0.112950 0.047959 -0.003514 -0.001168
-0.016424 -0.003514 0.533978 0.113174
-0.003522 -0.001168 0.113174 0.048236
17.176247 1.284228 19.381137 2.190774
0.519797 0.108945 -0.015069 -0.003051
0.108945 0.046832 -0.003045 -0.000953
-0.015069 -0.003045 0.519638 0.109140
-0.003051 -0.000953 0.109140 0.047061
17.793152 1.279344 21.258176 2.354089
0.509382 0.106198 -0.014796 -0.002847
0.106198 0.046117 -0.002843 -0.000825
-0.014796 -0.002843 0.508164 0.106174
-0.002847 -0.000825 0.106174 0.046264
18.257266 1.242484 21.960743 2.255046
0.500505 0.104094 -0.009426 -0.001597
0.104094 0.045625 -0.001597 -0.000498
-0.009426 -0.001597 0.498856 0.103990
-0.001597 -0.000498 0.103990 0.045727
18.857187 1.237662 22.581601 2.149433
0.498444 0.103628 -0.008879 -0.001465
0.103628 0.045525 -0.001465 -0.000438
-0.008879 -0.001465 0.496762 0.103526
-0.001465 -0.000438 0.103526 0.045605
19.609502 1.265032 23.172578 2.048710
0.491623 0.102224 -0.006097 -0.000874
0.102224 0.045241 -0.000875 -0.000290
-0.006097 -0.000875 0.490146 0.102161
-0.000874 -0.000290 0.102161 0.045307
19.727785 1.157709 23.867789 1.979633
0.485454 0.101085 -0.002694 -0.000201
0.101085 0.045033 -0.000203 -0.000138
-0.002694 -0.000203 0.483789 0.100968
-0.000201 -0.000138 0.100968 0.045070
19.704836 1.032011 24.689229 1.944069
0.486152 0.101463 -0.002066 -0.000153
0.101463 0.045152 -0.000156 -0.000127
-0.002066 -0.000156 0.484400 0.101318
-0.000153 -0.000127 0.101318 0.045168
20.803034 1.153878 26.035376 2.022689
0.484119 0.101206 -0.003548 -0.000537
0.101206 0.045117 -0.000538 -0.000204
-0.003548 -0.000538 0.483922 0.101374
-0.000537 -0.000204 0.101374 0.045187
21.318333 1.140929 26.934879 1.999207
0.479152 0.100333 -0.003089 -0.000465
0.100333 0.044949 -0.000465 -0.000177
-0.003089 -0.000465 0.479641 0.100601
-0.000465 -0.000177 0.100601 0.045024
21.907121 1.144763 27.903424 1.992688
0.476822 0.100065 -0.007318 -0.001374
0.100065 0.044914 -0.001373 -0.000357
-0.007318 -0.001373 0.478262 0.100482
-0.001374 -0.000357 0.100482 0.045006
22.644677 1.179498 28.891615 1.991055
0.471518 0.099166 -0.000901 0.000047
0.099166 0.044739 0.000048 -0.000033
-0.000901 0.000048 0.474210 0.099787
0.000047 -0.000033 0.099787 0.044862
23.139015 1.159249 29.530342 1.915796
0.471912 0.099511 -0.003257 -0.000515
0.099511 0.044831 -0.000514 -0.000156
-0.003257 -0.000514 0.474969 0.100137
-0.000515 -0.000156 0.100137 0.044943
23.728625 1.161258 30.210939 1.857264
0.466372 0.098527 -0.002556 -0.000370
0.098527 0.044624 -0.000369 -0.000118
-0.002556 -0.000369 0.470338 0.099283
-0.000370 -0.000118 0.099283 0.044756
24.423383 1.185484 31.300501 1.891334
0.467521 0.099014 -0.004563 -0.000807
0.099014 0.044737 -0.000806 -0.000206
-0.004563 -0.000806 0.473298 0.100087
-0.000807 -0.000206 0.100087 0.044929
24.814171 1.142528 31.962198 1.831158
0.472343 0.100191 -0.006065 -0.001089
0.100191 0.044976 -0.001089 -0.000253
-0.006065 -0.001089 0.478679 0.101295
-0.001089 -0.000253 0.101295 0.045166
25.399388 1.145690 33.256105 1.911176
0.472646 0.100266 -0.004896 -0.000784
0.100266 0.044957 -0.000782 -0.000174
-0.004896 -0.000782 0.481980 0.101928
-0.000784 -0.000174 0.101928 0.045260
25.927173 1.136323 34.542467 1.981016
0.471011 0.099908 -0.004379 -0.000653
0.099908 0.044847 -0.000649 -0.000142
-0.004379 -0.000649 0.483660 0.102157
-0.000653 -0.000142 0.102157 0.045264
26.777341 1.196482 36.092314 2.099165
0.468280 0.099339 -0.006876 -0.001173
0.099339 0.044704 -0.001170 -0.000251
-0.006876 -0.001170 0.485205 0.102341
-0.001173 -0.000251 0.102341 0.045265
27.860990 1.299985 37.799568 2.238037
0.465180 0.098734 -0.010779 -0.001942
0.098734 0.044565 -0.001942 -0.000404
-0.010779 -0.001942 0.486981 0.102568
-0.001942 -0.000404 0.102568 0.045282
28.257114 1.245816 38.685120 2.188687
0.465101 0.098817 -0.010183 -0.001695
0.098817 0.044583 -0.001692 -0.000332
-0.010183 -0.001692 0.488428 0.102723
-0.001695 -0.000332 0.102723 0.045290
28.752111 1.218653 39.811677 2.195308
0.463375 0.098524 -0.008759 -0.001315
0.098524 0.044515 -0.001306 -0.000243
-0.008759 -0.001306 0.489811 0.102871
-0.001315 -0.000243 0.102871 0.045303
29.690684 1.288703 40.890745 2.191805
0.462415 0.098398 -0.012946 -0.002161
0.098398 0.044485 -0.002163 -0.000425
-0.012946 -0.002163 0.491034 0.102984
-0.002161 -0.000425 0.102984 0.045312
30.036119 1.225037 41.989508 2.191979
0.456231 0.097163 -0.010565 -0.001564
0.097163 0.044219 -0.001552 -0.000288
-0.010565 -0.001552 0.489335 0.102504
-0.001564 -0.000288 0.102504 0.045204
30.604928 1.215528 42.964973 2.166678
0.460273 0.098199 -0.014658 -0.002381
0.098199 0.044454 -0.002385 -0.000466
-0.014658 -0.002385 0.494913 0.103604
-0.002381 -0.000466 0.103604 0.045439
31.454933 1.266592 43.663959 2.086729
0.463332 0.098904 -0.014817 -0.002306
0.098904 0.044592 -0.002311 -0.000440
-0.014817 -0.002311 0.497451 0.103984
-0.002306 -0.000440 0.103984 0.045508
32.491624 1.352985 44.859362 2.119223
0.461258 0.098423 -0.019626 -0.003236
0.098423 0.044462 -0.003255 -0.000636
-0.019626 -0.003255 0.499324 0.104205
-0.003236 -0.000636 0.104205 0.045541
33.575852 1.439303 45.583187 2.050113
0.470232 0.100353 -0.019183 -0.002972
0.100353 0.044862 -0.002991 -0.000562
-0.019183 -0.002991 0.505875 0.105416
-0.002972 -0.000562 0.105416 0.045787
34.258776 1.431280 46.526065 2.032933
0.469957 0.100106 -0.023406 -0.003750
0.100106 0.044761 -0.003779 -0.000724
-0.023406 -0.003779 0.508727 0.105757
-0.003750 -0.000724 0.105757 0.045835
34.780474 1.389674 47.421259 2.007242
0.469394 0.099838 -0.027413 -0.004427
0.099838 0.044674 -0.004462 -0.000855
-0.027413 -0.004462 0.511532 0.106092
-0.004427 -0.000855 0.106092 0.045888
35.834811 1.466807 48.645975 2.054142
0.461261 0.098002 -0.030880 -0.004976
0.098002 0.044267 -0.005003 -0.000957
-0.030880 -0.005003 0.509888 0.105513
-0.004976 -0.000957 0.105513 0.045757
36.503508 1.449831 48.763029 1.865646
0.458309 0.097456 -0.033742 -0.005362
0.097456 0.044172 -0.005409 -0.001027
-0.033742 -0.005409 0.504838 0.104324
-0.005362 -0.001027 0.104324 0.045519
