3.594806 2.400048 1.401920 -0.331267
2.464972 0.986010 -0.180544 -0.072219
0.986010 80.398479 -0.072219 -0.028888
-0.180544 -0.072219 2.478293 0.991339
-0.072219 -0.028888 0.991339 80.400611
4.098771 1.190064 1.711312 0.488133
2.271969 3.971789 -0.119585 -0.173538
3.971789 15.313869 -0.173312 -0.761445
-0.119585 -0.173312 2.295274 4.009907
-0.173538 -0.761445 4.009907 15.414319
4.968806 1.508163 3.381788 2.133567
2.003122 2.312831 -0.080774 -0.092515
2.312831 4.561208 -0.092455 -0.232073
-0.080774 -0.092455 2.015726 2.325087
-0.092515 -0.232073 2.325087 4.584507
6.195254 1.909649 2.938888 0.861857
1.703460 1.434406 -0.088409 -0.078747
1.434406 1.905167 -0.078770 -0.114844
-0.088409 -0.078770 1.727492 1.454032
-0.078747 -0.114844 1.454032 1.925976
5.857879 1.050216 6.485523 2.920711
1.470446 0.971500 -0.046737 -0.033649
0.971500 0.974043 -0.033590 -0.044427
-0.046737 -0.033590 1.464634 0.966760
-0.033649 -0.044427 0.966760 0.972771
6.803622 1.282248 6.433249 2.097453
1.308148 0.710965 -0.039033 -0.024210
0.710965 0.572054 -0.024201 -0.025535
-0.039033 -0.024201 1.310903 0.712723
-0.024210 -0.025535 0.712723 0.574511
6.014681 0.626720 5.466568 1.169889
1.165992 0.538232 -0.039186 -0.020698
0.538232 0.364707 -0.020695 -0.016993
-0.039186 -0.020695 1.169883 0.540362
-0.020698 -0.016993 0.540362 0.366637
6.977268 0.886895 6.441917 1.325660
1.042635 0.419095 -0.039316 -0.017787
0.419095 0.248018 -0.017785 -0.011832
-0.039316 -0.017785 1.046369 0.420875
-0.017787 -0.011832 0.420875 0.249339
8.274321 1.192397 6.640366 1.158469
0.945112 0.337551 -0.038331 -0.015087
0.337551 0.179157 -0.015091 -0.008451
-0.038331 -0.015091 0.952430 0.340384
-0.015087 -0.008451 0.340384 0.180570
9.649130 1.442181 8.522469 1.578056
0.870788 0.280906 -0.021333 -0.007798
0.280906 0.136576 -0.007799 -0.004580
-0.021333 -0.007799 0.875035 0.282375
-0.007798 -0.004580 0.282375 0.137304
11.305428 1.717778 9.997438 1.779833
0.807799 0.238636 -0.016086 -0.005530
0.238636 0.108544 -0.005532 -0.003126
-0.016086 -0.005532 0.811854 0.239896
-0.005530 -0.003126 0.239896 0.109094
12.256877 1.743208 10.798383 1.755379
0.753881 0.206479 -0.011831 -0.003913
0.206479 0.089528 -0.003914 -0.002176
-0.011831 -0.003914 0.757736 0.207564
-0.003913 -0.002176 0.207564 0.089952
12.800406 1.659090 11.514326 1.714115
0.710283 0.182414 -0.012443 -0.003787
0.182414 0.076530 -0.003787 -0.001806
-0.012443 -0.003787 0.713389 0.183213
-0.003787 -0.001806 0.183213 0.076826
13.406118 1.604598 12.430992 1.728769
0.673729 0.163899 -0.005733 -0.001861
0.163899 0.067412 -0.001861 -0.001078
-0.005733 -0.001861 0.675961 0.164426
-0.001861 -0.001078 0.164426 0.067607
13.777997 1.504370 13.463849 1.768238
0.635150 0.147739 -0.005011 -0.001590
0.147739 0.060522 -0.001589 -0.000855
-0.005011 -0.001589 0.636210 0.147965
-0.001590 -0.000855 0.147965 0.060625
14.609681 1.522173 14.421096 1.784605
0.607214 0.136319 -0.003297 -0.001111
0.136319 0.055883 -0.001110 -0.000625
-0.003297 -0.001110 0.608031 0.136490
-0.001111 -0.000625 0.136490 0.055964
16.125878 1.686687 15.990914 1.932121
0.583489 0.127417 0.000398 -0.000242
0.127417 0.052564 -0.000241 -0.000346
0.000398 -0.000241 0.584179 0.127561
-0.000242 -0.000346 0.127561 0.052631
16.544327 1.595366 17.708060 2.093011
0.560342 0.119848 -0.002535 -0.000874
0.119848 0.050057 -0.000873 -0.000423
-0.002535 -0.000873 0.559908 0.119751
-0.000874 -0.000423 0.119751 0.050065
17.534870 1.636130 18.543524 2.048417
0.540105 0.113868 -0.004416 -0.001200
0.113868 0.048256 -0.001199 -0.000431
-0.004416 -0.001199 0.539829 0.113824
-0.001200 -0.000431 0.113824 0.048274
17.201749 1.395707 19.271347 1.986858
0.526832 0.110074 -0.004727 -0.001161
0.110074 0.047161 -0.001160 -0.000368
-0.004727 -0.001160 0.525979 0.109921
-0.001161 -0.000368 0.109921 0.047153
17.707505 1.355755 20.449159 2.025223
0.516252 0.107292 -0.002555 -0.000613
0.107292 0.046422 -0.000612 -0.000212
-0.002555 -0.000612 0.515222 0.107119
-0.000613 -0.000212 0.107119 0.046408
18.654985 1.411645 21.436736 2.020009
0.507383 0.105181 -0.005075 -0.001093
0.105181 0.045914 -0.001092 -0.000287
-0.005075 -0.001092 0.506555 0.105065
-0.001093 -0.000287 0.105065 0.045910
19.232328 1.385015 22.348868 1.999706
0.502237 0.104063 -0.006668 -0.001337
0.104063 0.045667 -0.001336 -0.000310
-0.006668 -0.001336 0.501453 0.103964
-0.001337 -0.000310 0.103964 0.045664
19.768282 1.352572 23.391960 2.008629
0.496238 0.102876 -0.006096 -0.001116
0.102876 0.045428 -0.001116 -0.000240
-0.006096 -0.001116 0.495546 0.102799
-0.001116 -0.000240 0.102799 0.045426
20.116420 1.284180 23.826190 1.890034
0.490943 0.101935 -0.006417 -0.001113
0.101935 0.045257 -0.001112 -0.000226
-0.006417 -0.001112 0.490210 0.101849
-0.001113 -0.000226 0.101849 0.045250
20.762000 1.284720 24.454021 1.823987
0.486076 0.101148 -0.005524 -0.000866
0.101148 0.045124 -0.000865 -0.000165
-0.005524 -0.000865 0.485481 0.101090
-0.000866 -0.000165 0.101090 0.045121
21.782011 1.363620 25.521897 1.856781
0.482928 0.100759 -0.005102 -0.000747
0.100759 0.045075 -0.000747 -0.000139
-0.005102 -0.000747 0.482698 0.100773
-0.000747 -0.000139 0.100773 0.045084
22.463421 1.363643 26.603766 1.888904
0.479925 0.100398 -0.001781 -0.000038
0.100398 0.045023 -0.000038 0.000007
-0.001781 -0.000038 0.480055 0.100476
-0.000038 0.000007 0.100476 0.045042
22.475213 1.222976 27.308337 1.838184
0.479175 0.100498 -0.000525 0.000170
0.100498 0.045061 0.000170 0.000036
-0.000525 0.000170 0.479510 0.100603
0.000170 0.000036 0.100603 0.045082
22.837619 1.170792 28.596949 1.915746
0.477767 0.100407 -0.000860 0.000030
0.100407 0.045044 0.000031 -0.000008
-0.000860 0.000031 0.478728 0.100627
0.000030 -0.000008 0.100627 0.045086
23.685081 1.226133 30.049917 2.020057
0.479653 0.100979 -0.001149 -0.000078
0.100979 0.045160 -0.000078 -0.000037
-0.001149 -0.000078 0.481383 0.101335
-0.000078 -0.000037 0.101335 0.045226
24.688292 1.308323 31.003861 2.008353
0.481358 0.101424 -0.003375 -0.000578
0.101424 0.045232 -0.000578 -0.000145
-0.003375 -0.000578 0.483373 0.101805
-0.000578 -0.000145 0.101805 0.045299
25.048510 1.246505 32.417261 2.094438
0.480203 0.101202 0.000478 0.000254
0.101202 0.045156 0.000255 0.000038
0.000478 0.000255 0.483342 0.101788
0.000254 0.000038 0.101788 0.045263
25.440921 1.197812 33.306746 2.061182
0.478810 0.100935 -0.001315 -0.000183
0.100935 0.045077 -0.000182 -0.000063
-0.001315 -0.000182 0.482449 0.101579
-0.000183 -0.000063 0.101579 0.045191
25.527371 1.089663 33.882616 1.965357
0.475864 0.100352 -0.001376 -0.000206
0.100352 0.044937 -0.000205 -0.000066
-0.001376 -0.000205 0.479812 0.101017
-0.000206 -0.000066 0.101017 0.045052
25.714713 1.014196 34.760883 1.943306
0.474965 0.100242 -0.000004 0.000078
0.100242 0.044908 0.000079 -0.000003
-0.000004 0.000079 0.479656 0.101024
0.000078 -0.000003 0.101024 0.045046
26.352796 1.041919 36.284308 2.059567
0.473258 0.099955 0.000774 0.000213
0.099955 0.044841 0.000214 0.000023
0.000774 0.000214 0.479625 0.101047
0.000213 0.000023 0.101047 0.045042
27.431627 1.159838 37.095492 2.013518
0.472541 0.099887 -0.000522 -0.000098
0.099887 0.044823 -0.000098 -0.000045
-0.000522 -0.000098 0.479134 0.100962
-0.000098 -0.000045 0.100962 0.045015
28.216308 1.203147 37.810912 1.952120
0.472052 0.099857 -0.001223 -0.000248
0.099857 0.044811 -0.000248 -0.000073
-0.001223 -0.000248 0.478919 0.100936
-0.000248 -0.000073 0.100936 0.045003
28.531064 1.142421 38.465373 1.884316
0.472781 0.100071 0.001045 0.000244
0.100071 0.044850 0.000246 0.000038
0.001045 0.000246 0.480169 0.101215
0.000244 0.000038 0.101215 0.045055
29.069411 1.135458 39.700939 1.946154
0.470972 0.099714 0.001019 0.000206
0.099714 0.044762 0.000208 0.000026
0.001019 0.000208 0.480101 0.101185
0.000206 0.000026 0.101185 0.045037
29.932991 1.198085 41.295995 2.077202
0.467273 0.098981 -0.000548 -0.000148
0.098981 0.044601 -0.000149 -0.000050
-0.000548 -0.000149 0.478791 0.100895
-0.000148 -0.000050 0.100895 0.044968
30.569906 1.206125 42.104672 2.028743
0.468442 0.099337 -0.002117 -0.000465
0.099337 0.044682 -0.000468 -0.000111
-0.002117 -0.000468 0.480438 0.101254
-0.000465 -0.000111 0.101254 0.045041
31.651762 1.307716 43.172043 2.039935
0.466611 0.099004 -0.001640 -0.000322
0.099004 0.044606 -0.000323 -0.000070
-0.001640 -0.000323 0.479585 0.101051
-0.000322 -0.000070 0.101051 0.044990
32.576859 1.365326 44.343025 2.071781
0.466922 0.099144 -0.004249 -0.000846
0.099144 0.044635 -0.000852 -0.000176
-0.004249 -0.000852 0.481172 0.101381
-0.000846 -0.000176 0.101381 0.045056
33.138663 1.339553 44.995437 1.990980
0.468395 0.099504 -0.004430 -0.000813
0.099504 0.044704 -0.000817 -0.000157
-0.004430 -0.000817 0.482902 0.101710
-0.000813 -0.000157 0.101710 0.045118
34.057823 1.392655 46.312879 2.058845
0.464764 0.098731 -0.010342 -0.001999
0.098731 0.044526 -0.002014 -0.000401
-0.010342 -0.002014 0.481498 0.101350
-0.001999 -0.000401 0.101350 0.045030
34.723128 1.385750 46.917290 1.969374
0.465899 0.099041 -0.010817 -0.001936
0.099041 0.044593 -0.001949 -0.000362
-0.010817 -0.001949 0.482686 0.101579
-0.001936 -0.000362 0.101579 0.045076
34.962301 1.289304 47.940671 1.977054
0.466564 0.099210 -0.010036 -0.001637
0.099210 0.044622 -0.001643 -0.000284
-0.010036 -0.001643 0.485339 0.102099
-0.001637 -0.000284 0.102099 0.045182
36.114585 1.396614 48.383999 1.863049
0.468058 0.099528 -0.012534 -0.002075
0.099528 0.044679 -0.002088 -0.000375
-0.012534 -0.002088 0.485787 0.102107
-0.002075 -0.000375 0.102107 0.045171
