1.818959 1.689694 2.440125 0.084024
1.333715 0.533497 0.447208 0.178887
0.533497 80.217470 0.178887 0.071556
0.447208 0.178887 3.165693 1.266305
0.178887 0.071556 1.266305 80.510599
3.988945 4.155104 2.305640 -0.267438
3.029152 5.700921 -2.037592 -3.567894
5.700921 15.561898 -3.896695 -5.489339
-2.037592 -3.896695 2.922036 5.024551
-3.567894 -5.489339 5.024551 18.921926
4.993049 2.766544 0.667680 -2.399480
2.990900 3.278103 -0.968599 -0.580950
3.278103 4.671602 -0.806589 -0.309641
-0.968599 -0.806589 2.541005 3.003212
-0.580950 -0.309641 3.003212 5.645776
9.949419 5.581217 0.808099 -0.873962
1.877468 1.424028 -0.317455 -0.080619
1.424028 1.502232 -0.168540 -0.056960
-0.317455 -0.168540 1.397351 1.173911
-0.080619 -0.056960 1.173911 1.699995
9.282960 3.593468 3.143907 0.832292
0.583788 0.358331 0.444414 0.336312
0.358331 0.437750 0.289531 0.175541
0.444414 0.289531 1.012752 0.717478
0.336312 0.175541 0.717478 0.834864
11.101227 3.585640 3.989615 1.093746
0.665409 0.374797 0.319767 0.153820
0.374797 0.334821 0.136924 0.041275
0.319767 0.136924 1.060880 0.628956
0.153820 0.041275 0.628956 0.546539
9.816965 2.028493 4.805862 1.417815
0.243499 0.117955 0.097202 0.034839
0.117955 0.133075 0.001809 -0.012406
0.097202 0.001809 1.057583 0.533818
0.034839 -0.012406 0.533818 0.371359
11.002142 2.093278 6.012768 1.623960
0.335831 0.159963 0.034913 -0.001808
0.159963 0.126257 -0.020406 -0.018016
0.034913 -0.020406 1.072929 0.460873
-0.001808 -0.018016 0.460873 0.265835
11.573843 1.865166 7.922944 2.048856
0.403782 0.172951 -0.041173 -0.029093
0.172951 0.109635 -0.040735 -0.020476
-0.041173 -0.040735 0.986642 0.368587
-0.029093 -0.020476 0.368587 0.187183
12.129719 1.720248 9.150408 2.123551
0.497356 0.188527 -0.074966 -0.035043
0.188527 0.099245 -0.042048 -0.016694
-0.074966 -0.042048 0.949862 0.314292
-0.035043 -0.016694 0.314292 0.142992
12.368768 1.522392 8.979900 1.765509
0.517870 0.174946 -0.157328 -0.052841
0.174946 0.082719 -0.060245 -0.018846
-0.157328 -0.060245 0.891390 0.266236
-0.052841 -0.018846 0.266236 0.112279
12.664660 1.382118 9.448462 1.654609
0.555574 0.169322 -0.176823 -0.050283
0.169322 0.073024 -0.056098 -0.014965
-0.176823 -0.056098 0.864294 0.235887
-0.050283 -0.014965 0.235887 0.093356
13.008723 1.286059 10.785967 1.783006
0.602116 0.167722 -0.167104 -0.041167
0.167722 0.067070 -0.045430 -0.010447
-0.167104 -0.045430 0.818711 0.206746
-0.041167 -0.010447 0.206746 0.078896
13.086610 1.144354 12.712224 2.025968
0.625387 0.161060 -0.135256 -0.028777
0.161060 0.061437 -0.031840 -0.006198
-0.135256 -0.031840 0.740722 0.175378
-0.028777 -0.006198 0.175378 0.066857
14.380283 1.317786 13.545521 1.990646
0.580510 0.139695 -0.118560 -0.022530
0.139695 0.053599 -0.024742 -0.004285
-0.118560 -0.024742 0.669819 0.150777
-0.022530 -0.004285 0.150777 0.058505
14.826926 1.269562 14.621111 2.006266
0.592175 0.135299 -0.119612 -0.020785
0.135299 0.051168 -0.022778 -0.003681
-0.119612 -0.022778 0.651876 0.141344
-0.020785 -0.003681 0.141344 0.054814
15.178174 1.211949 16.210065 2.127773
0.563218 0.123342 -0.101597 -0.015799
0.123342 0.047674 -0.017520 -0.002571
-0.101597 -0.017520 0.582940 0.122761
-0.015799 -0.002571 0.122761 0.049852
15.686573 1.190025 17.160463 2.102955
0.569841 0.121098 -0.088596 -0.012184
0.121098 0.046874 -0.013609 -0.001789
-0.088596 -0.013609 0.579217 0.120132
-0.012184 -0.001789 0.120132 0.048883
15.516552 1.037132 18.926032 2.241702
0.565116 0.117507 -0.047487 -0.003401
0.117507 0.046065 -0.004761 -0.000098
-0.047487 -0.004761 0.541325 0.111210
-0.003401 -0.000098 0.111210 0.046847
16.242981 1.078642 19.924696 2.218761
0.544260 0.111173 -0.032864 -0.001151
0.111173 0.044817 -0.002246 0.000113
-0.032864 -0.002246 0.517882 0.105951
-0.001151 0.000113 0.105951 0.045728
17.601618 1.243591 20.904464 2.199534
0.512082 0.103604 -0.013657 0.001796
0.103604 0.043517 0.000980 0.000483
-0.013657 0.000980 0.495611 0.101525
0.001796 0.000483 0.101525 0.044900
18.685921 1.338923 22.315574 2.266969
0.501740 0.101274 -0.017540 0.000022
0.101274 0.043386 -0.000583 -0.000072
-0.017540 -0.000583 0.490327 0.100803
0.000022 -0.000072 0.100803 0.044858
19.014405 1.269644 23.392826 2.253308
0.494621 0.099999 -0.018777 -0.000924
0.099999 0.043481 -0.001414 -0.000381
-0.018777 -0.001414 0.480768 0.099261
-0.000924 -0.000381 0.099261 0.044640
19.113811 1.162341 24.867603 2.322950
0.474797 0.096415 -0.006270 0.001087
0.096415 0.043093 0.000652 -0.000046
-0.006270 0.000652 0.461956 0.095960
0.001087 -0.000046 0.095960 0.044067
19.788543 1.180655 25.753968 2.265675
0.467947 0.095832 0.011344 0.004142
0.095832 0.043316 0.003723 0.000514
0.011344 0.003723 0.458889 0.096168
0.004142 0.000514 0.096168 0.044245
20.244277 1.152322 26.499801 2.183767
0.462455 0.095481 0.002975 0.001552
0.095481 0.043510 0.001257 -0.000107
0.002975 0.001257 0.455829 0.096163
0.001552 -0.000107 0.096163 0.044308
20.833596 1.155248 27.948022 2.259389
0.449614 0.093587 0.001610 0.000796
0.093587 0.043327 0.000577 -0.000265
0.001610 0.000577 0.458765 0.097344
0.000796 -0.000265 0.097344 0.044592
21.259010 1.123269 28.998405 2.242448
0.449396 0.094427 -0.010256 -0.002031
0.094427 0.043689 -0.002175 -0.000830
-0.010256 -0.002175 0.466956 0.099437
-0.002031 -0.000830 0.099437 0.045023
21.325217 1.018309 29.451256 2.099790
0.443181 0.093816 -0.013950 -0.002788
0.093816 0.043671 -0.002897 -0.000906
-0.013950 -0.002897 0.461198 0.098290
-0.002788 -0.000906 0.098290 0.044714
22.667334 1.196017 30.729371 2.149104
0.434580 0.092648 -0.018358 -0.003608
0.092648 0.043500 -0.003682 -0.000994
-0.018358 -0.003682 0.474221 0.101219
-0.003608 -0.000994 0.101219 0.045299
22.998253 1.138368 31.530005 2.090408
0.438328 0.094129 -0.020756 -0.003905
0.094129 0.043878 -0.003964 -0.000974
-0.020756 -0.003964 0.483543 0.103032
-0.003905 -0.000974 0.103032 0.045592
23.395216 1.101104 32.510664 2.076410
0.427714 0.092267 -0.018992 -0.003323
0.092267 0.043474 -0.003337 -0.000779
-0.018992 -0.003337 0.490221 0.104109
-0.003323 -0.000779 0.104109 0.045715
24.556491 1.233726 33.590947 2.086523
0.419127 0.090915 -0.023563 -0.004156
0.090915 0.043191 -0.004155 -0.000918
-0.023563 -0.004155 0.500519 0.105858
-0.004156 -0.000918 0.105858 0.045983
25.147768 1.228795 34.906603 2.143807
0.409271 0.089299 -0.030744 -0.005476
0.089299 0.042847 -0.005469 -0.001157
-0.030744 -0.005469 0.516833 0.108733
-0.005476 -0.001157 0.108733 0.046483
25.631163 1.199875 35.942766 2.135927
0.424481 0.093251 -0.030570 -0.005077
0.093251 0.043733 -0.005071 -0.001011
-0.030570 -0.005071 0.531647 0.111085
-0.005077 -0.001011 0.111085 0.046856
26.350020 1.224679 36.622352 2.055755
0.412502 0.090733 -0.026217 -0.003985
0.090733 0.043095 -0.003892 -0.000752
-0.026217 -0.003892 0.529173 0.109715
-0.003985 -0.000752 0.109715 0.046456
26.905564 1.211533 37.489906 2.022465
0.424940 0.093762 -0.030395 -0.004702
0.093762 0.043726 -0.004700 -0.000914
-0.030395 -0.004700 0.538397 0.110976
-0.004702 -0.000914 0.110976 0.046665
27.896283 1.293659 37.785529 1.877174
0.426950 0.094157 -0.024693 -0.003384
0.094157 0.043718 -0.003345 -0.000632
-0.024693 -0.003345 0.527448 0.108109
-0.003384 -0.000632 0.108109 0.046040
28.344092 1.251028 39.038461 1.940721
0.419294 0.092311 -0.030511 -0.004610
0.092311 0.043213 -0.004565 -0.000914
-0.030511 -0.004565 0.546864 0.111781
-0.004610 -0.000914 0.111781 0.046822
28.781211 1.207616 39.558387 1.848234
0.424552 0.093506 -0.032067 -0.004803
0.093506 0.043436 -0.004833 -0.000964
-0.032067 -0.004833 0.542371 0.110310
-0.004803 -0.000964 0.110310 0.046502
29.288985 1.185685 40.303602 1.811500
0.444752 0.097861 -0.031660 -0.004535
0.097861 0.044338 -0.004636 -0.000905
-0.031660 -0.004636 0.542903 0.110100
-0.004535 -0.000905 0.110100 0.046487
30.923117 1.413564 41.134014 1.800749
0.391197 0.085663 -0.016233 -0.001593
0.085663 0.041549 -0.001173 -0.000266
-0.016233 -0.001173 0.545977 0.110556
-0.001593 -0.000266 0.110556 0.046632
31.855230 1.462174 41.731052 1.740271
0.366743 0.081008 -0.007701 -0.000166
0.081008 0.040661 0.000402 -0.000022
-0.007701 0.000402 0.540488 0.109255
-0.000166 -0.000022 0.109255 0.046407
32.921986 1.538451 42.958398 1.813450
0.372228 0.083334 -0.000381 0.001024
0.083334 0.041354 0.001637 0.000173
-0.000381 0.001637 0.545590 0.110253
0.001024 0.000173 0.110253 0.046671
33.275577 1.444806 43.942077 1.828174
0.397760 0.089754 -0.013184 -0.001885
0.089754 0.042846 -0.001757 -0.000560
-0.013184 -0.001757 0.542743 0.109540
-0.001885 -0.000560 0.109540 0.046558
33.640376 1.363453 44.517520 1.759179
0.422827 0.095312 -0.023010 -0.003888
0.095312 0.043982 -0.004101 -0.001007
-0.023010 -0.004101 0.524348 0.105798
-0.003888 -0.001007 0.105798 0.045848
34.245151 1.346676 45.593864 1.798864
0.448447 0.100391 -0.025068 -0.004121
0.100391 0.044914 -0.004415 -0.001007
-0.025068 -0.004415 0.513673 0.103981
-0.004121 -0.001007 0.103981 0.045585
34.444441 1.241178 46.311363 1.760660
0.472329 0.104544 -0.038459 -0.006650
0.104544 0.045576 -0.007221 -0.001525
-0.038459 -0.007221 0.499934 0.101642
-0.006650 -0.001525 0.101642 0.045211
35.182822 1.265984 46.903454 1.701999
0.491939 0.107481 -0.029199 -0.004339
0.107481 0.045972 -0.004852 -0.000954
-0.029199 -0.004852 0.463923 0.094950
-0.004339 -0.000954 0.094950 0.043963
35.799515 1.261706 47.537958 1.657027
0.507686 0.109404 -0.023146 -0.002938
0.109404 0.046166 -0.003470 -0.000650
-0.023146 -0.003470 0.431417 0.089414
-0.002938 -0.000650 0.089414 0.043002
