0.088344 -0.264257 1.977013 0.817834
-0.000000 -0.000000 -0.000000 -0.000000
-0.000000 -0.000000 -0.000000 0.000000
-0.000000 -0.000000 0.000000 0.000000
0.000000 -0.000000 0.000000 -0.000000
0.079303 0.001648 -0.436668 0.109857
-0.000000 0.000000 -0.000000 -0.000000
0.000000 -0.000000 0.000000 0.000000
-0.000000 0.000000 -0.000000 -0.000000
-0.000000 0.000000 -0.000000 -0.000000
0.153578 0.110677 1.594196 -0.745738
-0.000000 -0.000000 -0.000000 0.000000
0.000000 -0.000000 0.000000 0.000000
-0.000000 0.000000 -0.000000 0.000000
-0.000000 0.000000 0.000000 0.000000
-1.162665 -2.575485 2.490222 4.216626
-0.000000 -0.000000 0.000000 0.000000
0.000000 0.000000 -0.000000 -0.000000
-0.000000 -0.000000 0.000000 0.000000
-0.000000 -0.000000 0.000000 0.000000
-1.230145 0.403706 -0.453982 0.377537
0.000000 0.000000 0.000000 -0.000000
0.000000 0.000000 0.000000 -0.000000
0.000000 0.000000 0.000000 -0.000000
0.000000 0.000000 0.000000 -0.000000
3.238983 -1.788775 -1.049138 0.613589
0.000000 -0.000000 -0.000000 -0.000000
-0.000000 0.000000 0.000000 -0.000000
-0.000000 0.000000 0.000000 -0.000000
0.000000 -0.000000 -0.000000 0.000000
0.057367 1.775699 -2.547926 1.279240
0.000000 -0.000000 -0.000000 0.000000
-0.000000 -0.000000 0.000000 -0.000000
0.000000 0.000000 -0.000000 0.000000
0.000000 0.000000 0.000000 0.000000
1.007152 2.642754 -0.410060 -1.292212
-0.000000 0.000000 0.000000 -0.000000
-0.000000 -0.000000 0.000000 0.000000
-0.000000 -0.000000 0.000000 0.000000
-0.000000 -0.000000 0.000000 0.000000
-0.191609 -0.132129 0.064579 1.028200
-0.000000 0.000000 -0.000000 -0.000000
0.000000 -0.000000 -0.000000 -0.000000
-0.000000 -0.000000 0.000000 0.000000
-0.000000 -0.000000 0.000000 0.000000
0.826884 -1.158857 0.080427 -1.891836
0.000000 -0.000000 -0.000000 -0.000000
-0.000000 0.000000 -0.000000 0.000000
0.000000 0.000000 0.000000 -0.000000
0.000000 0.000000 0.000000 0.000000
0.589968 -1.618694 -2.219228 3.845786
-0.000000 -0.000000 -0.000000 0.000000
0.000000 0.000000 0.000000 -0.000000
0.000000 -0.000000 -0.000000 0.000000
0.000000 -0.000000 0.000000 0.000000
0.879345 0.739565 0.826935 -0.054028
0.000000 0.000000 0.000000 -0.000000
0.000000 0.000000 0.000000 0.000000
0.000000 -0.000000 0.000000 -0.000000
-0.000000 0.000000 0.000000 0.000000
1.279572 2.232809 1.679441 1.947393
-0.000000 0.000000 0.000000 0.000000
-0.000000 -0.000000 0.000000 0.000000
-0.000000 0.000000 0.000000 -0.000000
-0.000000 0.000000 -0.000000 -0.000000
-1.220432 1.293858 0.926366 -1.106081
0.000000 0.000000 -0.000000 0.000000
0.000000 -0.000000 0.000000 -0.000000
-0.000000 0.000000 0.000000 -0.000000
-0.000000 0.000000 0.000000 0.000000
-2.402110 -0.630425 1.984031 10.149720
0.000000 0.000000 0.000000 -0.000000
-0.000000 -0.000000 -0.000000 0.000000
0.000000 0.000000 0.000000 -0.000000
0.000000 0.000000 0.000000 -0.000000
4.959053 -8.975598 2.454647 7.250450
-0.000000 0.000000 0.000000 -0.000000
0.000000 -0.000000 -0.000000 0.000000
-0.000000 0.000000 0.000000 -0.000000
-0.000000 0.000000 0.000000 -0.000000
0.050997 0.948378 0.612087 1.515549
-0.000000 0.000000 0.000000 0.000000
0.000000 0.000000 0.000000 0.000000
-0.000000 0.000000 -0.000000 0.000000
0.000000 0.000000 0.000000 0.000000
0.807487 -0.948951 0.985085 -0.314383
-0.000000 -0.000000 0.000000 -0.000000
0.000000 0.000000 -0.000000 -0.000000
-0.000000 -0.000000 0.000000 -0.000000
-0.000000 -0.000000 0.000000 0.000000
0.792672 -0.774468 -0.421816 -0.926924
-0.000000 0.000000 0.000000 0.000000
-0.000000 0.000000 0.000000 0.000000
-0.000000 0.000000 0.000000 0.000000
-0.000000 0.000000 0.000000 0.000000
-2.997964 3.681161 1.469842 -1.020642
0.000000 -0.000000 -0.000000 0.000000
-0.000000 0.000000 -0.000000 -0.000000
-0.000000 0.000000 -0.000000 -0.000000
-0.000000 -0.000000 -0.000000 -0.000000
5.781031 4.085364 14.027607 -19.375640
0.000000 0.000000 -0.000000 0.000000
0.000000 0.000000 -0.000000 0.000000
0.000000 0.000000 -0.000000 0.000000
-0.000000 -0.000000 0.000000 -0.000000
0.905367 0.930497 -0.067215 0.399733
-0.000000 0.000000 0.000000 -0.000000
-0.000000 0.000000 0.000000 0.000000
-0.000000 0.000000 -0.000000 0.000000
0.000000 -0.000000 -0.000000 -0.000000
-1.379553 0.994822 -4.445854 -2.116203
0.000000 0.000000 0.000000 0.000000
-0.000000 -0.000000 -0.000000 -0.000000
0.000000 0.000000 0.000000 0.000000
0.000000 0.000000 0.000000 0.000000
-0.909816 -0.804573 -0.327456 -0.533939
-0.000000 0.000000 -0.000000 -0.000000
-0.000000 0.000000 0.000000 -0.000000
-0.000000 -0.000000 0.000000 -0.000000
0.000000 -0.000000 0.000000 -0.000000
-0.569226 -2.211041 -0.239357 1.202623
0.000000 0.000000 0.000000 -0.000000
-0.000000 0.000000 0.000000 0.000000
-0.000000 0.000000 -0.000000 -0.000000
0.000000 -0.000000 -0.000000 0.000000
-1.189308 -0.005770 0.533846 0.719684
-0.000000 -0.000000 0.000000 0.000000
-0.000000 0.000000 0.000000 0.000000
0.000000 0.000000 0.000000 -0.000000
0.000000 -0.000000 0.000000 -0.000000
0.764309 1.680592 3.199991 -3.106109
-0.000000 0.000000 0.000000 0.000000
0.000000 -0.000000 -0.000000 -0.000000
0.000000 0.000000 -0.000000 -0.000000
-0.000000 -0.000000 0.000000 0.000000
1.078665 -1.102115 -1.211292 1.552960
-0.000000 -0.000000 -0.000000 0.000000
0.000000 0.000000 0.000000 -0.000000
-0.000000 0.000000 0.000000 -0.000000
-0.000000 0.000000 -0.000000 0.000000
0.261332 -0.157415 0.624051 -0.066215
-0.000000 -0.000000 -0.000000 -0.000000
-0.000000 0.000000 0.000000 -0.000000
0.000000 -0.000000 -0.000000 0.000000
-0.000000 -0.000000 0.000000 0.000000
0.621377 2.094433 -4.750996 9.278266
0.000000 0.000000 -0.000000 0.000000
-0.000000 -0.000000 0.000000 -0.000000
0.000000 0.000000 0.000000 0.000000
0.000000 0.000000 -0.000000 0.000000
0.230074 1.575624 2.602770 -0.251328
0.000000 0.000000 0.000000 -0.000000
0.000000 0.000000 0.000000 -0.000000
0.000000 0.000000 0.000000 -0.000000
-0.000000 0.000000 0.000000 0.000000
-2.700632 -1.570902 2.860281 2.429660
-0.000000 0.000000 -0.000000 -0.000000
-0.000000 0.000000 -0.000000 -0.000000
-0.000000 0.000000 -0.000000 -0.000000
0.000000 -0.000000 0.000000 0.000000
-8.119556 14.317430 -10.522610 7.995097
-0.000000 0.000000 0.000000 -0.000000
0.000000 -0.000000 -0.000000 0.000000
-0.000000 -0.000000 0.000000 -0.000000
-0.000000 -0.000000 0.000000 0.000000
-0.988552 -0.667384 -0.136972 0.049122
-0.000000 -0.000000 0.000000 0.000000
-0.000000 -0.000000 -0.000000 -0.000000
0.000000 -0.000000 0.000000 -0.000000
-0.000000 0.000000 -0.000000 0.000000
-7.255222 0.085014 -1.069499 -0.421165
-0.000000 0.000000 -0.000000 -0.000000
-0.000000 0.000000 -0.000000 -0.000000
0.000000 -0.000000 0.000000 -0.000000
-0.000000 0.000000 -0.000000 -0.000000
-0.423206 0.007604 5.633011 -0.686501
-0.000000 0.000000 -0.000000 0.000000
-0.000000 -0.000000 0.000000 0.000000
-0.000000 -0.000000 0.000000 -0.000000
-0.000000 0.000000 -0.000000 0.000000
-3.509589 2.404450 -0.743467 0.876315
0.000000 -0.000000 0.000000 -0.000000
0.000000 -0.000000 0.000000 0.000000
0.000000 -0.000000 -0.000000 0.000000
0.000000 -0.000000 0.000000 -0.000000
2.867951 -0.219260 -1.260828 -3.490588
0.000000 0.000000 0.000000 0.000000
-0.000000 -0.000000 0.000000 -0.000000
-0.000000 -0.000000 -0.000000 -0.000000
0.000000 0.000000 -0.000000 -0.000000
1.484549 -0.727172 -1.286628 0.900584
-0.000000 -0.000000 0.000000 -0.000000
0.000000 0.000000 -0.000000 0.000000
0.000000 -0.000000 0.000000 0.000000
-0.000000 -0.000000 -0.000000 -0.000000
0.859968 0.393459 -0.189829 -0.142749
0.000000 -0.000000 0.000000 -0.000000
0.000000 0.000000 -0.000000 -0.000000
0.000000 0.000000 0.000000 -0.000000
0.000000 0.000000 -0.000000 -0.000000
0.115015 -0.169435 -1.608625 -2.006169
0.000000 -0.000000 0.000000 0.000000
-0.000000 0.000000 -0.000000 -0.000000
-0.000000 0.000000 0.000000 -0.000000
0.000000 0.000000 -0.000000 -0.000000
-0.538300 0.248504 -0.548662 -0.066533
-0.000000 -0.000000 -0.000000 -0.000000
0.000000 -0.000000 0.000000 0.000000
-0.000000 -0.000000 -0.000000 -0.000000
0.000000 0.000000 -0.000000 0.000000
1.305918 -1.226956 0.054834 -0.295989
0.000000 -0.000000 0.000000 -0.000000
-0.000000 0.000000 -0.000000 0.000000
0.000000 0.000000 -0.000000 0.000000
0.000000 -0.000000 0.000000 -0.000000
0.379506 0.350694 -0.246702 -0.703812
-0.000000 0.000000 -0.000000 -0.000000
-0.000000 -0.000000 -0.000000 -0.000000
0.000000 0.000000 -0.000000 0.000000
0.000000 -0.000000 -0.000000 -0.000000
1.527010 -1.785674 0.739066 1.264786
-0.000000 -0.000000 0.000000 0.000000
-0.000000 0.000000 -0.000000 -0.000000
0.000000 -0.000000 0.000000 0.000000
0.000000 0.000000 0.000000 -0.000000
-0.244555 0.059186 0.273965 -0.141875
-0.000000 -0.000000 0.000000 -0.000000
-0.000000 0.000000 -0.000000 -0.000000
0.000000 0.000000 0.000000 0.000000
-0.000000 0.000000 -0.000000 0.000000
-1.348018 -0.253631 -1.248865 -0.515194
0.000000 0.000000 -0.000000 -0.000000
-0.000000 -0.000000 0.000000 0.000000
-0.000000 0.000000 0.000000 0.000000
0.000000 0.000000 0.000000 -0.000000
1.357075 2.160213 -2.486392 1.881706
-0.000000 0.000000 0.000000 -0.000000
-0.000000 0.000000 0.000000 -0.000000
-0.000000 -0.000000 -0.000000 0.000000
-0.000000 -0.000000 -0.000000 0.000000
-6.608865 -41.468340 -24.573530 18.325930
0.000000 0.000000 -0.000000 0.000000
0.000000 0.000000 -0.000000 0.000000
-0.000000 -0.000000 0.000000 -0.000000
0.000000 0.000000 -0.000000 0.000000
-0.382742 -0.715403 -0.734390 -0.743434
0.000000 0.000000 0.000000 0.000000
-0.000000 -0.000000 0.000000 -0.000000
0.000000 -0.000000 0.000000 -0.000000
-0.000000 -0.000000 -0.000000 -0.000000
