3.096233 2.200614 3.630352 0.560125
2.510105 1.004064 -0.810171 -0.324075
1.004064 80.405701 -0.324075 -0.129633
-0.810171 -0.324075 4.182271 1.672945
-0.324075 -0.129633 1.672945 80.673259
5.359607 3.967072 -0.293978 -6.165274
3.346757 5.765732 -1.333798 -1.944704
5.765732 18.348013 -2.080165 -5.112513
-1.333798 -2.080165 3.963793 6.325484
-1.944704 -5.112513 6.325484 22.870779
5.293832 1.819649 0.423268 -1.997359
2.575567 2.839026 0.200700 0.356960
2.839026 5.177034 0.240557 -0.246058
0.200700 0.240557 0.701905 0.799417
0.356960 -0.246058 0.799417 4.051452
6.045199 1.411493 2.352747 1.319900
2.240208 1.821363 0.054880 -0.025186
1.821363 2.253494 -0.017236 -0.257959
0.054880 -0.017236 0.650628 0.733577
-0.025186 -0.257959 0.733577 1.700039
6.332123 1.142443 3.043920 1.358747
1.818552 1.163944 -0.074243 -0.114992
1.163944 1.119181 -0.122268 -0.187902
-0.074243 -0.122268 1.071704 0.940121
-0.114992 -0.187902 0.940121 1.139624
7.176573 1.256926 4.466769 1.842300
1.697022 0.903235 -0.280955 -0.211178
0.903235 0.691606 -0.199806 -0.164150
-0.280955 -0.199806 1.327863 0.875786
-0.211178 -0.164150 0.875786 0.727710
9.635095 2.060549 6.146005 2.222333
1.245516 0.562565 -0.294110 -0.161366
0.562565 0.386712 -0.157388 -0.094703
-0.294110 -0.157388 1.341761 0.697796
-0.161366 -0.094703 0.697796 0.450177
11.069998 2.231891 5.738163 1.570036
1.055674 0.419489 -0.255555 -0.111859
0.419489 0.257440 -0.111130 -0.053834
-0.255555 -0.111130 1.351656 0.580208
-0.111859 -0.053834 0.580208 0.307476
10.251889 1.539295 9.113690 2.517512
0.778029 0.277618 -0.203185 -0.074118
0.277618 0.165449 -0.073730 -0.030381
-0.203185 -0.073730 1.085832 0.397333
-0.074118 -0.030381 0.397333 0.188844
11.867005 1.815664 9.495423 2.236616
0.742854 0.244767 -0.191887 -0.060185
0.244767 0.131952 -0.059998 -0.021320
-0.191887 -0.059998 1.011869 0.325872
-0.060185 -0.021320 0.325872 0.140013
12.745427 1.800058 9.534155 1.923544
0.667887 0.203801 -0.214967 -0.059867
0.203801 0.103788 -0.060429 -0.018752
-0.214967 -0.060429 0.917592 0.265217
-0.059867 -0.018752 0.265217 0.106813
13.257597 1.680551 9.681903 1.705068
0.640349 0.182991 -0.223835 -0.055836
0.182991 0.087538 -0.056666 -0.015681
-0.223835 -0.056666 0.877699 0.231922
-0.055836 -0.015681 0.231922 0.088521
12.961191 1.373188 10.840576 1.771985
0.629547 0.169744 -0.211510 -0.047424
0.169744 0.076787 -0.048468 -0.012165
-0.211510 -0.048468 0.806411 0.197537
-0.047424 -0.012165 0.197537 0.073914
13.647629 1.376375 11.967633 1.828120
0.628732 0.160886 -0.192262 -0.038920
0.160886 0.069374 -0.039874 -0.009199
-0.192262 -0.039874 0.755200 0.174072
-0.038920 -0.009199 0.174072 0.064689
13.982381 1.288808 12.885766 1.825325
0.622304 0.152033 -0.157387 -0.028448
0.152033 0.063492 -0.028937 -0.006217
-0.157387 -0.028937 0.704832 0.154925
-0.028448 -0.006217 0.154925 0.058130
14.203173 1.187928 13.777027 1.816125
0.603795 0.141346 -0.140446 -0.023489
0.141346 0.058235 -0.024046 -0.004980
-0.140446 -0.024046 0.650573 0.137765
-0.023489 -0.004980 0.137765 0.053053
14.775491 1.187989 15.039619 1.889881
0.599022 0.135436 -0.122277 -0.018779
0.135436 0.055031 -0.019260 -0.003870
-0.122277 -0.019260 0.617486 0.127511
-0.018779 -0.003870 0.127511 0.050196
15.591308 1.240224 16.203969 1.937393
0.585763 0.128399 -0.117152 -0.017405
0.128399 0.052129 -0.017937 -0.003606
-0.117152 -0.017937 0.588876 0.119461
-0.017405 -0.003606 0.119461 0.048178
16.088050 1.214892 17.275650 1.956888
0.582863 0.124672 -0.113544 -0.016366
0.124672 0.050446 -0.016935 -0.003393
-0.113544 -0.016935 0.571501 0.114740
-0.016366 -0.003393 0.114740 0.047107
16.968577 1.275599 18.465374 2.002749
0.542047 0.113994 -0.076116 -0.009051
0.113994 0.047688 -0.009268 -0.001935
-0.076116 -0.009268 0.524126 0.104977
-0.009051 -0.001935 0.104977 0.045230
17.327567 1.210864 18.946840 1.894387
0.521368 0.108510 -0.065654 -0.007563
0.108510 0.046307 -0.007742 -0.001766
-0.065654 -0.007742 0.498375 0.100212
-0.007563 -0.001766 0.100212 0.044459
17.956117 1.229163 21.114514 2.143574
0.488713 0.101525 -0.026659 -0.000415
0.101525 0.044857 -0.000524 -0.000437
-0.026659 -0.000524 0.455303 0.092597
-0.000415 -0.000437 0.092597 0.043199
18.641371 1.245035 22.315621 2.170916
0.483500 0.100609 -0.018625 0.000165
0.100609 0.044739 0.000105 -0.000466
-0.018625 0.000105 0.451722 0.093300
0.000165 -0.000466 0.093300 0.043624
19.471620 1.288124 23.360453 2.163745
0.478893 0.099940 -0.004225 0.002192
0.099940 0.044684 0.002170 -0.000140
-0.004225 0.002170 0.452104 0.094629
0.002192 -0.000140 0.094629 0.044088
19.500890 1.156827 23.857440 2.037501
0.470001 0.098310 -0.007527 0.000449
0.098310 0.044399 0.000430 -0.000603
-0.007527 0.000430 0.441359 0.093219
0.000449 -0.000603 0.093219 0.043861
21.227477 1.397410 24.688147 2.000751
0.437877 0.091956 -0.003641 0.000500
0.091956 0.043140 0.000516 -0.000607
-0.003641 0.000516 0.424182 0.090442
0.000500 -0.000607 0.090442 0.043327
21.734456 1.356588 25.603657 1.982136
0.448446 0.095142 0.001714 0.001119
0.095142 0.043977 0.001123 -0.000444
0.001714 0.001123 0.438974 0.094632
0.001119 -0.000444 0.094632 0.044292
22.183170 1.307782 26.871454 2.041927
0.450276 0.096051 0.015382 0.003580
0.096051 0.044215 0.003546 0.000117
0.015382 0.003546 0.451363 0.097739
0.003580 0.000117 0.097739 0.044901
22.935264 1.328999 27.658400 1.991156
0.445283 0.095325 0.012505 0.002332
0.095325 0.044060 0.002307 -0.000144
0.012505 0.002307 0.452835 0.098072
0.002332 -0.000144 0.098072 0.044841
23.738310 1.358894 28.581035 1.975131
0.457294 0.098273 -0.002079 -0.001229
0.098273 0.044697 -0.001234 -0.000860
-0.002079 -0.001234 0.469699 0.101676
-0.001229 -0.000860 0.101676 0.045503
23.872675 1.240173 30.596673 2.197544
0.439033 0.094323 0.008074 0.001043
0.094323 0.043773 0.000978 -0.000247
0.008074 0.000978 0.486871 0.104907
0.001043 -0.000247 0.104907 0.046023
24.380539 1.214968 32.250187 2.316461
0.422142 0.091048 -0.003786 -0.001594
0.091048 0.043082 -0.001719 -0.000749
-0.003786 -0.001719 0.499207 0.106832
-0.001594 -0.000749 0.106832 0.046247
24.390952 1.085487 33.316076 2.297738
0.434287 0.094271 0.002259 -0.000160
0.094271 0.043831 -0.000236 -0.000326
0.002259 -0.000236 0.515417 0.109413
-0.000160 -0.000326 0.109413 0.046619
24.990819 1.098363 34.118243 2.224729
0.440371 0.095789 -0.003485 -0.001336
0.095789 0.044124 -0.001436 -0.000514
-0.003485 -0.001436 0.520164 0.109424
-0.001336 -0.000514 0.109424 0.046456
25.782944 1.151025 35.416161 2.263208
0.446271 0.097067 -0.010915 -0.002726
0.097067 0.044333 -0.002881 -0.000740
-0.010915 -0.002881 0.537325 0.112143
-0.002726 -0.000740 0.112143 0.046916
26.522967 1.186713 36.645272 2.283310
0.448710 0.097440 -0.016961 -0.003686
0.097440 0.044330 -0.003876 -0.000860
-0.016961 -0.003876 0.549959 0.113758
-0.003686 -0.000860 0.113758 0.047140
27.106693 1.184541 37.546005 2.233911
0.468061 0.101437 -0.024585 -0.004889
0.101437 0.045121 -0.005134 -0.001036
-0.024585 -0.005134 0.554778 0.113739
-0.004889 -0.001036 0.113739 0.047047
27.891025 1.225350 38.148540 2.129428
0.450835 0.097153 -0.024745 -0.004517
0.097153 0.044066 -0.004706 -0.000876
-0.024745 -0.004706 0.546059 0.111115
-0.004517 -0.000876 0.111115 0.046472
28.281573 1.177988 39.475672 2.182210
0.449866 0.096842 -0.028442 -0.004929
0.096842 0.043984 -0.005100 -0.000911
-0.028442 -0.005100 0.559994 0.113464
-0.004929 -0.000911 0.113464 0.046984
28.921498 1.189540 40.803415 2.230069
0.426692 0.091802 -0.027258 -0.004420
0.091802 0.042898 -0.004460 -0.000761
-0.027258 -0.004460 0.569150 0.114730
-0.004420 -0.000761 0.114730 0.047252
29.408267 1.163744 41.097516 2.064990
0.413514 0.089398 -0.024664 -0.003702
0.089398 0.042470 -0.003721 -0.000612
-0.024664 -0.003721 0.546205 0.109543
-0.003702 -0.000612 0.109543 0.046222
29.697563 1.098348 41.626540 1.962975
0.415047 0.090327 -0.030883 -0.004811
0.090327 0.042770 -0.004964 -0.000872
-0.030883 -0.004964 0.538362 0.107936
-0.004811 -0.000872 0.107936 0.046008
30.932021 1.246415 42.078663 1.859189
0.348745 0.076355 -0.003270 0.000685
0.076355 0.039779 0.001263 0.000326
-0.003270 0.001263 0.525134 0.105561
0.000685 0.000326 0.105561 0.045677
31.338086 1.197487 42.904796 1.837665
0.366503 0.082040 -0.007139 -0.000351
0.082040 0.041314 -0.000032 -0.000014
-0.007139 -0.000032 0.523677 0.105651
-0.000351 -0.000014 0.105651 0.045831
31.841788 1.176264 43.939005 1.860794
0.371567 0.084100 -0.003430 0.000217
0.084100 0.041823 0.000545 0.000055
-0.003430 0.000545 0.522559 0.105803
0.000217 0.000055 0.105803 0.045970
32.378727 1.164576 44.855205 1.857816
0.387522 0.088267 -0.001077 0.000497
0.088267 0.042725 0.000765 0.000061
-0.001077 0.000765 0.511660 0.103920
0.000497 0.000061 0.103920 0.045665
34.018844 1.404300 44.956830 1.690374
0.378900 0.086351 0.044107 0.009478
0.086351 0.042153 0.010687 0.002048
0.044107 0.010687 0.451108 0.092089
0.009478 0.002048 0.092089 0.043350
34.797546 1.421433 46.050189 1.741761
0.415561 0.094861 0.031079 0.005706
0.094861 0.044005 0.006456 0.000982
0.031079 0.006456 0.454938 0.094396
0.005706 0.000982 0.094396 0.044078
35.184090 1.348160 46.861235 1.730223
0.440205 0.099685 0.013417 0.001418
0.099685 0.044844 0.001820 -0.000036
0.013417 0.001820 0.448234 0.094120
0.001418 -0.000036 0.094120 0.044143
35.366355 1.239363 47.284418 1.638062
0.461379 0.103237 -0.002030 -0.001927
0.103237 0.045352 -0.001660 -0.000705
-0.002030 -0.001660 0.427770 0.090758
-0.001927 -0.000705 0.090758 0.043493
