0.400874 -0.143171 0.173449 -0.528563
-0.000000 0.000000 0.000000 -0.000000
0.000000 -0.000000 -0.000000 -0.000000
0.000000 0.000000 0.000000 -0.000000
0.000000 -0.000000 0.000000 0.000000
11.353895 -3.993231 -2.283173 0.635479
0.000000 0.000000 0.000000 -0.000000
-0.000000 0.000000 0.000000 -0.000000
-0.000000 -0.000000 -0.000000 0.000000
-0.000000 -0.000000 -0.000000 0.000000
-8.193129 2.958590 0.333391 -0.351192
0.000000 -0.000000 0.000000 -0.000000
0.000000 0.000000 0.000000 -0.000000
-0.000000 0.000000 -0.000000 0.000000
0.000000 -0.000000 0.000000 0.000000
-1.804839 -2.441368 3.046386 -1.311710
0.000000 -0.000000 0.000000 0.000000
0.000000 -0.000000 0.000000 0.000000
-0.000000 0.000000 -0.000000 -0.000000
0.000000 0.000000 0.000000 0.000000
0.324650 16.655607 -8.596249 -8.843448
0.000000 -0.000000 0.000000 0.000000
0.000000 -0.000000 0.000000 0.000000
-0.000000 0.000000 -0.000000 -0.000000
-0.000000 0.000000 -0.000000 -0.000000
0.193123 0.483760 -0.641967 0.762929
0.000000 0.000000 -0.000000 -0.000000
0.000000 -0.000000 0.000000 0.000000
0.000000 -0.000000 -0.000000 0.000000
-0.000000 -0.000000 -0.000000 -0.000000
-1.038488 0.455817 12.041044 5.143545
-0.000000 -0.000000 -0.000000 -0.000000
-0.000000 -0.000000 -0.000000 -0.000000
0.000000 0.000000 0.000000 0.000000
0.000000 0.000000 0.000000 0.000000
-0.059758 -0.035940 0.474776 0.322591
0.000000 -0.000000 0.000000 -0.000000
0.000000 0.000000 -0.000000 -0.000000
0.000000 0.000000 -0.000000 -0.000000
0.000000 0.000000 0.000000 0.000000
-2.416177 0.756619 2.352092 1.003891
-0.000000 -0.000000 0.000000 0.000000
-0.000000 0.000000 -0.000000 0.000000
0.000000 0.000000 -0.000000 -0.000000
0.000000 -0.000000 0.000000 -0.000000
-0.209341 1.166599 0.714504 0.276502
-0.000000 -0.000000 0.000000 0.000000
0.000000 0.000000 0.000000 -0.000000
0.000000 0.000000 -0.000000 0.000000
0.000000 -0.000000 -0.000000 -0.000000
-2.795302 -3.306714 14.800272 14.439937
0.000000 0.000000 -0.000000 -0.000000
0.000000 0.000000 -0.000000 -0.000000
0.000000 0.000000 -0.000000 -0.000000
-0.000000 -0.000000 0.000000 0.000000
-0.813259 1.058448 0.748905 0.522521
0.000000 0.000000 -0.000000 -0.000000
-0.000000 -0.000000 -0.000000 -0.000000
-0.000000 0.000000 0.000000 0.000000
0.000000 0.000000 -0.000000 0.000000
0.119977 -1.029328 1.014872 0.626197
0.000000 0.000000 0.000000 -0.000000
-0.000000 -0.000000 -0.000000 0.000000
0.000000 -0.000000 0.000000 -0.000000
-0.000000 0.000000 -0.000000 0.000000
2.854903 3.017131 -1.904173 3.166245
0.000000 0.000000 0.000000 0.000000
-0.000000 -0.000000 0.000000 0.000000
-0.000000 -0.000000 0.000000 -0.000000
-0.000000 -0.000000 0.000000 -0.000000
0.402633 -1.596373 -1.611030 0.169013
0.000000 -0.000000 0.000000 0.000000
0.000000 -0.000000 -0.000000 -0.000000
-0.000000 -0.000000 -0.000000 -0.000000
-0.000000 0.000000 0.000000 0.000000
-0.933597 -1.938452 -1.673164 1.395857
-0.000000 0.000000 0.000000 0.000000
-0.000000 0.000000 -0.000000 -0.000000
0.000000 0.000000 0.000000 -0.000000
-0.000000 0.000000 -0.000000 0.000000
1.142912 -1.718694 2.015385 0.211462
0.000000 -0.000000 0.000000 0.000000
-0.000000 0.000000 -0.000000 0.000000
-0.000000 -0.000000 0.000000 -0.000000
0.000000 -0.000000 0.000000 0.000000
0.787607 0.436230 2.433733 2.049002
-0.000000 0.000000 0.000000 0.000000
-0.000000 -0.000000 0.000000 0.000000
-0.000000 0.000000 -0.000000 -0.000000
-0.000000 -0.000000 0.000000 0.000000
-0.399359 2.188260 1.870663 -0.679981
-0.000000 -0.000000 -0.000000 0.000000
0.000000 0.000000 0.000000 -0.000000
0.000000 0.000000 -0.000000 -0.000000
-0.000000 -0.000000 -0.000000 0.000000
-1.205581 -0.484030 1.675272 -0.003784
0.000000 0.000000 -0.000000 -0.000000
0.000000 0.000000 -0.000000 -0.000000
-0.000000 -0.000000 0.000000 0.000000
0.000000 -0.000000 -0.000000 0.000000
0.633862 -0.293032 -3.357108 2.274843
-0.000000 -0.000000 -0.000000 0.000000
0.000000 -0.000000 -0.000000 0.000000
-0.000000 0.000000 0.000000 -0.000000
-0.000000 0.000000 0.000000 -0.000000
1.455207 1.434614 -0.044739 1.602273
-0.000000 -0.000000 0.000000 -0.000000
-0.000000 -0.000000 0.000000 -0.000000
0.000000 -0.000000 0.000000 0.000000
-0.000000 -0.000000 -0.000000 -0.000000
1.570133 -0.590574 1.432939 2.047253
0.000000 0.000000 -0.000000 -0.000000
-0.000000 -0.000000 0.000000 0.000000
0.000000 0.000000 -0.000000 -0.000000
0.000000 -0.000000 -0.000000 -0.000000
0.210437 -0.142004 -0.050331 0.466837
-0.000000 -0.000000 -0.000000 -0.000000
0.000000 -0.000000 -0.000000 0.000000
0.000000 -0.000000 0.000000 -0.000000
-0.000000 0.000000 -0.000000 -0.000000
-0.076959 -1.301339 1.991103 2.026040
-0.000000 0.000000 -0.000000 0.000000
0.000000 0.000000 -0.000000 -0.000000
-0.000000 -0.000000 0.000000 0.000000
0.000000 0.000000 -0.000000 -0.000000
-0.341503 0.636570 6.703317 -0.655053
-0.000000 0.000000 -0.000000 0.000000
0.000000 0.000000 -0.000000 0.000000
0.000000 0.000000 -0.000000 0.000000
0.000000 0.000000 -0.000000 0.000000
-5.300560 8.751402 6.898913 0.222965
-0.000000 0.000000 0.000000 0.000000
0.000000 -0.000000 -0.000000 -0.000000
0.000000 -0.000000 -0.000000 -0.000000
-0.000000 0.000000 -0.000000 0.000000
-2.853054 -5.201788 1.565644 -1.353177
-0.000000 -0.000000 0.000000 -0.000000
-0.000000 -0.000000 0.000000 -0.000000
0.000000 0.000000 -0.000000 0.000000
0.000000 0.000000 -0.000000 0.000000
-0.030806 0.329824 0.267121 1.147741
-0.000000 -0.000000 -0.000000 -0.000000
0.000000 0.000000 0.000000 -0.000000
0.000000 -0.000000 -0.000000 0.000000
0.000000 0.000000 0.000000 0.000000
0.339953 1.612752 0.684710 1.023497
0.000000 0.000000 0.000000 0.000000
0.000000 -0.000000 -0.000000 -0.000000
-0.000000 0.000000 0.000000 0.000000
-0.000000 0.000000 -0.000000 0.000000
1.046532 -1.661490 1.417824 -0.123277
-0.000000 -0.000000 0.000000 0.000000
-0.000000 0.000000 -0.000000 -0.000000
0.000000 -0.000000 0.000000 -0.000000
-0.000000 -0.000000 0.000000 -0.000000
-0.373964 0.141729 -0.485396 -2.636712
0.000000 0.000000 -0.000000 -0.000000
-0.000000 0.000000 -0.000000 0.000000
0.000000 -0.000000 0.000000 -0.000000
0.000000 -0.000000 -0.000000 -0.000000
3.396119 -4.708541 3.100314 -3.390032
0.000000 0.000000 -0.000000 -0.000000
-0.000000 -0.000000 0.000000 0.000000
0.000000 0.000000 -0.000000 -0.000000
0.000000 0.000000 -0.000000 -0.000000
10.978830 4.747125 3.853469 -2.177828
0.000000 0.000000 0.000000 0.000000
0.000000 0.000000 0.000000 0.000000
-0.000000 0.000000 0.000000 0.000000
-0.000000 -0.000000 -0.000000 -0.000000
1.496096 1.050736 0.755825 1.096944
-0.000000 0.000000 -0.000000 0.000000
0.000000 -0.000000 0.000000 0.000000
0.000000 -0.000000 -0.000000 -0.000000
-0.000000 0.000000 -0.000000 -0.000000
0.515690 0.085541 -0.501875 1.021448
0.000000 0.000000 0.000000 0.000000
0.000000 0.000000 -0.000000 0.000000
-0.000000 -0.000000 -0.000000 0.000000
0.000000 0.000000 0.000000 0.000000
-0.071982 0.098058 0.077915 -0.435400
-0.000000 0.000000 0.000000 0.000000
0.000000 -0.000000 0.000000 0.000000
0.000000 0.000000 0.000000 0.000000
0.000000 0.000000 0.000000 0.000000
-1.669518 0.582933 1.360351 -0.863623
0.000000 0.000000 -0.000000 -0.000000
0.000000 -0.000000 -0.000000 0.000000
0.000000 -0.000000 0.000000 -0.000000
0.000000 0.000000 -0.000000 0.000000
-1.689490 -2.611538 3.680701 0.161221
0.000000 0.000000 -0.000000 -0.000000
-0.000000 -0.000000 0.000000 -0.000000
0.000000 -0.000000 -0.000000 0.000000
-0.000000 -0.000000 0.000000 -0.000000
0.025271 1.030627 -0.732750 -0.196928
-0.000000 -0.000000 0.000000 0.000000
0.000000 0.000000 -0.000000 0.000000
-0.000000 -0.000000 0.000000 0.000000
-0.000000 0.000000 -0.000000 -0.000000
0.808940 -0.549351 -1.012995 -0.300626
0.000000 -0.000000 -0.000000 -0.000000
-0.000000 0.000000 0.000000 -0.000000
-0.000000 0.000000 0.000000 0.000000
0.000000 -0.000000 -0.000000 -0.000000
-0.962084 -1.361609 -0.887192 0.867371
0.000000 0.000000 0.000000 -0.000000
-0.000000 -0.000000 -0.000000 -0.000000
0.000000 0.000000 0.000000 -0.000000
0.000000 -0.000000 0.000000 0.000000
-0.967275 1.164096 0.217835 0.190855
0.000000 -0.000000 0.000000 -0.000000
-0.000000 0.000000 -0.000000 -0.000000
0.000000 -0.000000 -0.000000 -0.000000
0.000000 -0.000000 0.000000 0.000000
-7.299491 10.088040 -3.262728 -0.794464
0.000000 0.000000 -0.000000 0.000000
-0.000000 -0.000000 0.000000 0.000000
-0.000000 -0.000000 0.000000 -0.000000
-0.000000 -0.000000 0.000000 0.000000
-1.832000 1.089955 -0.319295 -1.520002
-0.000000 0.000000 0.000000 -0.000000
0.000000 0.000000 -0.000000 -0.000000
0.000000 0.000000 0.000000 0.000000
0.000000 0.000000 0.000000 0.000000
-0.178872 -0.570642 0.197218 -0.821142
-0.000000 0.000000 -0.000000 0.000000
0.000000 -0.000000 -0.000000 0.000000
-0.000000 -0.000000 0.000000 0.000000
0.000000 -0.000000 0.000000 -0.000000
-0.396038 -0.080468 -0.769395 -0.549663
-0.000000 -0.000000 0.000000 0.000000
0.000000 -0.000000 0.000000 0.000000
0.000000 -0.000000 0.000000 -0.000000
0.000000 0.000000 0.000000 0.000000
-0.842230 0.607197 -1.321500 1.131872
0.000000 -0.000000 0.000000 0.000000
0.000000 -0.000000 -0.000000 0.000000
0.000000 0.000000 0.000000 -0.000000
0.000000 0.000000 0.000000 -0.000000
-2.629615 0.540613 -1.119483 -0.547142
-0.000000 0.000000 -0.000000 -0.000000
-0.000000 -0.000000 -0.000000 0.000000
-0.000000 -0.000000 -0.000000 -0.000000
-0.000000 0.000000 -0.000000 0.000000
-11.906289 3.447946 -5.025285 0.794275
0.000000 0.000000 0.000000 -0.000000
-0.000000 -0.000000 -0.000000 0.000000
-0.000000 -0.000000 -0.000000 0.000000
-0.000000 -0.000000 -0.000000 0.000000
