0.810578 0.536755 -0.197778 1.513614
-0.000000 0.000000 -0.000000 -0.000000
0.000000 -0.000000 0.000000 -0.000000
0.000000 0.000000 0.000000 0.000000
-0.000000 0.000000 0.000000 -0.000000
-1.386370 -0.784467 0.786952 -0.638803
-0.000000 -0.000000 -0.000000 0.000000
0.000000 -0.000000 -0.000000 -0.000000
-0.000000 0.000000 0.000000 -0.000000
0.000000 -0.000000 -0.000000 -0.000000
2.921547 3.117998 -2.498966 -0.970794
-0.000000 0.000000 -0.000000 0.000000
0.000000 0.000000 -0.000000 -0.000000
0.000000 -0.000000 0.000000 -0.000000
-0.000000 0.000000 -0.000000 -0.000000
-0.344237 -0.660181 0.483679 -0.946457
-0.000000 0.000000 -0.000000 -0.000000
-0.000000 0.000000 -0.000000 0.000000
-0.000000 0.000000 -0.000000 -0.000000
-0.000000 0.000000 -0.000000 0.000000
3.896897 3.537815 -2.073488 -0.330829
-0.000000 -0.000000 -0.000000 0.000000
0.000000 -0.000000 0.000000 0.000000
-0.000000 0.000000 0.000000 -0.000000
-0.000000 0.000000 0.000000 0.000000
0.538695 0.040068 -0.642491 -1.965406
-0.000000 0.000000 0.000000 0.000000
-0.000000 0.000000 0.000000 -0.000000
0.000000 -0.000000 0.000000 0.000000
0.000000 0.000000 -0.000000 -0.000000
4.165674 1.186908 -13.429921 -10.709610
-0.000000 -0.000000 -0.000000 -0.000000
-0.000000 0.000000 -0.000000 -0.000000
0.000000 -0.000000 0.000000 0.000000
0.000000 -0.000000 0.000000 0.000000
2.968363 0.859906 -3.437950 -0.485364
0.000000 0.000000 -0.000000 0.000000
0.000000 0.000000 -0.000000 0.000000
0.000000 -0.000000 0.000000 0.000000
0.000000 0.000000 -0.000000 0.000000
4.319784 -14.585580 4.287268 -32.157582
0.000000 0.000000 0.000000 -0.000000
-0.000000 -0.000000 0.000000 0.000000
-0.000000 -0.000000 0.000000 0.000000
0.000000 0.000000 0.000000 -0.000000
-0.701808 -1.847095 -1.384964 0.695865
-0.000000 -0.000000 -0.000000 0.000000
-0.000000 0.000000 -0.000000 0.000000
0.000000 0.000000 -0.000000 0.000000
-0.000000 0.000000 0.000000 -0.000000
0.092699 -0.048335 0.450180 -0.496553
0.000000 0.000000 0.000000 -0.000000
-0.000000 0.000000 -0.000000 -0.000000
0.000000 0.000000 -0.000000 0.000000
-0.000000 0.000000 0.000000 -0.000000
1.643263 -0.999182 0.769605 -0.550066
0.000000 0.000000 0.000000 0.000000
0.000000 -0.000000 -0.000000 -0.000000
-0.000000 0.000000 0.000000 -0.000000
0.000000 0.000000 0.000000 -0.000000
-0.695542 3.101812 0.846345 0.207420
-0.000000 0.000000 0.000000 -0.000000
-0.000000 -0.000000 0.000000 -0.000000
0.000000 0.000000 -0.000000 0.000000
-0.000000 -0.000000 0.000000 0.000000
-0.541690 -0.431951 0.082323 -0.633809
-0.000000 0.000000 0.000000 0.000000
0.000000 0.000000 0.000000 0.000000
-0.000000 0.000000 -0.000000 0.000000
-0.000000 -0.000000 0.000000 0.000000
-1.049331 3.031687 -2.365200 -0.330214
0.000000 0.000000 -0.000000 -0.000000
-0.000000 0.000000 0.000000 0.000000
0.000000 -0.000000 -0.000000 -0.000000
0.000000 0.000000 0.000000 0.000000
-0.511083 0.136149 -0.056011 -0.359779
-0.000000 -0.000000 0.000000 -0.000000
0.000000 -0.000000 0.000000 0.000000
-0.000000 -0.000000 -0.000000 -0.000000
-0.000000 0.000000 0.000000 0.000000
-0.554894 0.512620 -1.179065 -0.764103
0.000000 0.000000 -0.000000 -0.000000
-0.000000 0.000000 0.000000 0.000000
0.000000 0.000000 -0.000000 -0.000000
-0.000000 0.000000 0.000000 -0.000000
-0.961861 -0.818979 0.631860 1.882012
-0.000000 0.000000 -0.000000 0.000000
0.000000 0.000000 -0.000000 -0.000000
0.000000 0.000000 -0.000000 0.000000
-0.000000 -0.000000 -0.000000 0.000000
-0.426073 0.080484 1.017446 1.171568
-0.000000 -0.000000 -0.000000 -0.000000
-0.000000 -0.000000 -0.000000 0.000000
-0.000000 -0.000000 0.000000 0.000000
-0.000000 0.000000 -0.000000 0.000000
0.269804 3.132528 -1.301892 0.152334
-0.000000 -0.000000 -0.000000 0.000000
0.000000 0.000000 -0.000000 0.000000
-0.000000 -0.000000 0.000000 -0.000000
0.000000 0.000000 -0.000000 0.000000
-7.252760 3.640583 2.932134 -12.800572
-0.000000 0.000000 0.000000 -0.000000
-0.000000 0.000000 0.000000 -0.000000
-0.000000 0.000000 0.000000 -0.000000
-0.000000 0.000000 0.000000 -0.000000
0.442115 1.781683 0.684716 1.047578
-0.000000 0.000000 -0.000000 -0.000000
-0.000000 0.000000 0.000000 0.000000
-0.000000 -0.000000 0.000000 -0.000000
0.000000 -0.000000 0.000000 0.000000
1.352433 -0.779044 1.023665 -1.905862
0.000000 0.000000 -0.000000 0.000000
-0.000000 -0.000000 0.000000 -0.000000
-0.000000 0.000000 -0.000000 0.000000
0.000000 0.000000 0.000000 0.000000
-0.640619 -0.954414 -0.896068 -5.081070
-0.000000 -0.000000 -0.000000 -0.000000
0.000000 0.000000 -0.000000 0.000000
-0.000000 -0.000000 0.000000 -0.000000
0.000000 0.000000 0.000000 0.000000
-1.012421 0.830371 0.126115 0.289507
0.000000 -0.000000 -0.000000 0.000000
-0.000000 0.000000 0.000000 0.000000
-0.000000 0.000000 0.000000 0.000000
0.000000 -0.000000 0.000000 0.000000
0.883450 -1.135682 -0.515716 0.153857
0.000000 0.000000 0.000000 0.000000
-0.000000 -0.000000 0.000000 -0.000000
-0.000000 -0.000000 -0.000000 0.000000
-0.000000 -0.000000 -0.000000 0.000000
-4.720726 -5.291639 2.232650 -10.021271
-0.000000 -0.000000 0.000000 -0.000000
-0.000000 -0.000000 0.000000 -0.000000
-0.000000 -0.000000 0.000000 -0.000000
-0.000000 -0.000000 0.000000 -0.000000
6.201582 0.089780 1.623110 -3.455298
-0.000000 -0.000000 -0.000000 0.000000
0.000000 -0.000000 0.000000 -0.000000
-0.000000 -0.000000 -0.000000 0.000000
0.000000 0.000000 0.000000 -0.000000
-0.623438 1.392963 2.530838 -0.440779
-0.000000 0.000000 0.000000 0.000000
0.000000 0.000000 -0.000000 -0.000000
0.000000 -0.000000 -0.000000 0.000000
-0.000000 0.000000 0.000000 -0.000000
0.376871 -2.228099 1.184159 2.718505
0.000000 0.000000 -0.000000 -0.000000
-0.000000 -0.000000 0.000000 0.000000
-0.000000 0.000000 -0.000000 -0.000000
-0.000000 -0.000000 0.000000 0.000000
42.321241 -14.767728 -32.128866 -14.370914
0.000000 -0.000000 -0.000000 -0.000000
0.000000 -0.000000 -0.000000 -0.000000
0.000000 -0.000000 -0.000000 -0.000000
0.000000 -0.000000 -0.000000 -0.000000
-2.904690 5.147357 3.007500 2.725940
-0.000000 -0.000000 -0.000000 -0.000000
0.000000 0.000000 0.000000 0.000000
-0.000000 -0.000000 -0.000000 -0.000000
0.000000 0.000000 0.000000 0.000000
-2.033622 3.784732 3.375927 -1.359047
-0.000000 -0.000000 -0.000000 0.000000
0.000000 0.000000 0.000000 -0.000000
0.000000 0.000000 0.000000 -0.000000
-0.000000 0.000000 -0.000000 0.000000
-9.335997 -4.360227 1.723884 0.066758
0.000000 -0.000000 -0.000000 0.000000
0.000000 -0.000000 -0.000000 0.000000
-0.000000 0.000000 0.000000 -0.000000
-0.000000 0.000000 0.000000 -0.000000
0.028851 -1.069568 -2.960710 2.850985
-0.000000 0.000000 0.000000 -0.000000
0.000000 0.000000 -0.000000 -0.000000
0.000000 -0.000000 -0.000000 0.000000
0.000000 -0.000000 -0.000000 0.000000
10.089070 -0.147846 2.146948 1.606305
-0.000000 -0.000000 -0.000000 -0.000000
0.000000 0.000000 0.000000 0.000000
-0.000000 -0.000000 0.000000 -0.000000
-0.000000 0.000000 0.000000 0.000000
-0.996867 0.313117 0.130253 -0.047432
-0.000000 0.000000 -0.000000 -0.000000
0.000000 -0.000000 -0.000000 0.000000
-0.000000 0.000000 0.000000 -0.000000
-0.000000 -0.000000 -0.000000 0.000000
-0.300719 -0.541014 -2.835245 -1.598650
-0.000000 -0.000000 0.000000 -0.000000
-0.000000 0.000000 0.000000 -0.000000
0.000000 -0.000000 0.000000 -0.000000
0.000000 -0.000000 0.000000 -0.000000
-4.558439 -3.884997 2.286487 -1.767732
-0.000000 -0.000000 0.000000 -0.000000
-0.000000 -0.000000 0.000000 -0.000000
-0.000000 0.000000 -0.000000 0.000000
0.000000 -0.000000 0.000000 0.000000
-2.145746 -0.249815 0.358555 -0.114547
0.000000 0.000000 0.000000 -0.000000
-0.000000 0.000000 -0.000000 -0.000000
-0.000000 0.000000 -0.000000 0.000000
0.000000 -0.000000 -0.000000 -0.000000
0.125547 -2.049456 -0.766188 -0.414838
0.000000 0.000000 -0.000000 0.000000
-0.000000 -0.000000 -0.000000 0.000000
-0.000000 -0.000000 -0.000000 0.000000
0.000000 -0.000000 -0.000000 0.000000
1.059034 -2.211139 2.283333 -1.450687
0.000000 0.000000 0.000000 -0.000000
-0.000000 -0.000000 -0.000000 0.000000
0.000000 0.000000 0.000000 -0.000000
0.000000 0.000000 0.000000 -0.000000
0.356130 0.228438 0.138529 -0.769500
-0.000000 -0.000000 -0.000000 0.000000
0.000000 -0.000000 -0.000000 0.000000
0.000000 0.000000 0.000000 -0.000000
0.000000 -0.000000 0.000000 0.000000
-0.013139 -1.739662 -1.650801 -2.236603
-0.000000 0.000000 -0.000000 0.000000
-0.000000 -0.000000 0.000000 -0.000000
0.000000 0.000000 -0.000000 -0.000000
0.000000 -0.000000 -0.000000 -0.000000
-0.830923 -4.017416 1.239585 -1.837453
-0.000000 -0.000000 -0.000000 0.000000
-0.000000 -0.000000 -0.000000 0.000000
-0.000000 -0.000000 -0.000000 -0.000000
0.000000 -0.000000 -0.000000 0.000000
0.271785 0.068644 -0.030131 -2.432170
0.000000 0.000000 -0.000000 -0.000000
0.000000 -0.000000 -0.000000 -0.000000
-0.000000 0.000000 0.000000 -0.000000
-0.000000 0.000000 0.000000 0.000000
-0.071388 0.282385 1.073889 0.507415
0.000000 0.000000 -0.000000 0.000000
-0.000000 0.000000 -0.000000 0.000000
-0.000000 -0.000000 0.000000 0.000000
0.000000 -0.000000 -0.000000 -0.000000
0.303752 3.744809 0.338490 -0.652818
0.000000 -0.000000 -0.000000 0.000000
0.000000 0.000000 -0.000000 0.000000
-0.000000 -0.000000 0.000000 -0.000000
0.000000 0.000000 -0.000000 0.000000
1.071365 0.381300 -0.634546 -1.394594
0.000000 -0.000000 0.000000 0.000000
-0.000000 0.000000 0.000000 0.000000
-0.000000 0.000000 0.000000 -0.000000
-0.000000 0.000000 0.000000 -0.000000
0.010010 0.242155 -0.010871 -0.354034
-0.000000 0.000000 -0.000000 0.000000
0.000000 0.000000 0.000000 -0.000000
0.000000 -0.000000 0.000000 0.000000
0.000000 -0.000000 -0.000000 0.000000
