1.649125 -1.740855 -0.366679 3.524228
0.000000 -0.000000 -0.000000 0.000000
0.000000 0.000000 -0.000000 0.000000
0.000000 -0.000000 -0.000000 0.000000
-0.000000 -0.000000 0.000000 -0.000000
0.487691 -0.400369 0.803192 -0.285833
0.000000 -0.000000 0.000000 0.000000
0.000000 0.000000 0.000000 0.000000
0.000000 0.000000 0.000000 -0.000000
-0.000000 -0.000000 -0.000000 0.000000
-1.085156 -0.078008 -0.085627 -0.550438
0.000000 -0.000000 0.000000 -0.000000
0.000000 -0.000000 -0.000000 0.000000
-0.000000 -0.000000 -0.000000 0.000000
0.000000 -0.000000 -0.000000 0.000000
-0.496400 -6.344450 13.011730 -3.098176
-0.000000 -0.000000 -0.000000 -0.000000
-0.000000 -0.000000 -0.000000 0.000000
0.000000 0.000000 0.000000 -0.000000
0.000000 0.000000 0.000000 -0.000000
2.523404 2.578668 0.623622 -4.145152
-0.000000 -0.000000 -0.000000 -0.000000
0.000000 -0.000000 -0.000000 -0.000000
-0.000000 -0.000000 -0.000000 -0.000000
-0.000000 0.000000 0.000000 0.000000
1.720302 -0.036942 -2.142725 0.359877
-0.000000 -0.000000 0.000000 -0.000000
0.000000 0.000000 -0.000000 0.000000
0.000000 0.000000 -0.000000 0.000000
-0.000000 -0.000000 0.000000 -0.000000
3.009545 -0.265203 -0.975676 -0.695731
-0.000000 0.000000 0.000000 0.000000
-0.000000 0.000000 0.000000 -0.000000
-0.000000 -0.000000 -0.000000 0.000000
0.000000 0.000000 0.000000 -0.000000
-0.638826 1.420183 0.205099 0.677063
0.000000 -0.000000 -0.000000 -0.000000
-0.000000 -0.000000 0.000000 0.000000
0.000000 0.000000 0.000000 -0.000000
-0.000000 -0.000000 0.000000 0.000000
-0.032109 0.409070 -1.692151 -2.150783
0.000000 -0.000000 0.000000 -0.000000
-0.000000 0.000000 0.000000 -0.000000
0.000000 -0.000000 0.000000 -0.000000
-0.000000 -0.000000 0.000000 0.000000
-0.927054 -2.922047 -1.636042 0.097692
-0.000000 -0.000000 0.000000 0.000000
0.000000 -0.000000 -0.000000 0.000000
0.000000 0.000000 -0.000000 0.000000
-0.000000 0.000000 -0.000000 0.000000
-1.233031 1.901964 2.229302 1.335044
-0.000000 0.000000 0.000000 0.000000
0.000000 -0.000000 -0.000000 -0.000000
-0.000000 -0.000000 -0.000000 -0.000000
-0.000000 -0.000000 -0.000000 -0.000000
1.439675 3.604807 1.599730 -1.745986
0.000000 -0.000000 0.000000 0.000000
0.000000 -0.000000 -0.000000 0.000000
0.000000 -0.000000 -0.000000 0.000000
-0.000000 0.000000 -0.000000 0.000000
-2.194760 1.254370 1.161558 1.218670
0.000000 -0.000000 -0.000000 -0.000000
0.000000 -0.000000 -0.000000 0.000000
-0.000000 0.000000 0.000000 0.000000
0.000000 -0.000000 0.000000 -0.000000
1.122315 0.667705 -1.510005 0.278792
-0.000000 0.000000 0.000000 0.000000
0.000000 0.000000 0.000000 -0.000000
-0.000000 0.000000 -0.000000 -0.000000
0.000000 0.000000 -0.000000 0.000000
-1.788744 1.572978 -0.677986 0.909264
0.000000 -0.000000 0.000000 -0.000000
-0.000000 -0.000000 -0.000000 0.000000
-0.000000 0.000000 -0.000000 -0.000000
-0.000000 -0.000000 -0.000000 -0.000000
-0.175269 -1.358190 3.026815 6.028887
0.000000 -0.000000 -0.000000 -0.000000
0.000000 -0.000000 -0.000000 -0.000000
-0.000000 0.000000 0.000000 0.000000
-0.000000 0.000000 0.000000 0.000000
-0.478931 0.916174 -0.195351 -0.495345
0.000000 -0.000000 0.000000 0.000000
-0.000000 0.000000 0.000000 -0.000000
-0.000000 0.000000 0.000000 0.000000
0.000000 0.000000 0.000000 -0.000000
-0.806735 0.241424 -0.376599 -0.276784
0.000000 -0.000000 0.000000 -0.000000
-0.000000 -0.000000 0.000000 -0.000000
0.000000 0.000000 -0.000000 -0.000000
0.000000 0.000000 -0.000000 -0.000000
0.585011 0.555223 -0.363870 -2.926407
-0.000000 0.000000 0.000000 0.000000
-0.000000 0.000000 -0.000000 0.000000
0.000000 0.000000 0.000000 -0.000000
-0.000000 0.000000 0.000000 -0.000000
21.719587 19.079093 5.115934 19.233154
0.000000 0.000000 0.000000 0.000000
0.000000 0.000000 0.000000 0.000000
-0.000000 -0.000000 -0.000000 -0.000000
0.000000 0.000000 0.000000 0.000000
-1.108220 0.169074 7.699501 0.256991
0.000000 0.000000 -0.000000 -0.000000
0.000000 0.000000 -0.000000 -0.000000
0.000000 0.000000 -0.000000 -0.000000
-0.000000 -0.000000 0.000000 0.000000
2.273016 -0.837212 2.496796 -0.560967
0.000000 -0.000000 0.000000 -0.000000
-0.000000 -0.000000 0.000000 0.000000
0.000000 -0.000000 0.000000 -0.000000
0.000000 -0.000000 0.000000 -0.000000
1.514824 0.591886 -0.992090 -1.263907
0.000000 -0.000000 -0.000000 0.000000
0.000000 -0.000000 0.000000 0.000000
0.000000 0.000000 -0.000000 -0.000000
-0.000000 -0.000000 -0.000000 0.000000
0.413840 -0.364656 0.576784 -0.415682
0.000000 -0.000000 -0.000000 -0.000000
0.000000 -0.000000 0.000000 0.000000
0.000000 0.000000 -0.000000 0.000000
-0.000000 0.000000 0.000000 -0.000000
-0.255970 1.009093 0.485256 0.942136
-0.000000 -0.000000 0.000000 -0.000000
-0.000000 0.000000 0.000000 0.000000
0.000000 -0.000000 0.000000 0.000000
-0.000000 0.000000 0.000000 0.000000
1.007908 -0.927000 0.616280 0.314687
0.000000 -0.000000 0.000000 -0.000000
0.000000 -0.000000 -0.000000 0.000000
0.000000 0.000000 -0.000000 -0.000000
-0.000000 -0.000000 -0.000000 -0.000000
1.004819 -3.816681 -1.588045 -0.639281
-0.000000 -0.000000 -0.000000 -0.000000
0.000000 0.000000 -0.000000 0.000000
0.000000 0.000000 0.000000 0.000000
-0.000000 -0.000000 0.000000 -0.000000
0.600605 -0.342539 -0.294350 0.512359
0.000000 0.000000 0.000000 -0.000000
0.000000 -0.000000 -0.000000 0.000000
-0.000000 0.000000 -0.000000 0.000000
0.000000 -0.000000 -0.000000 -0.000000
-0.119930 -0.022242 0.315060 -0.244806
-0.000000 0.000000 -0.000000 -0.000000
-0.000000 0.000000 -0.000000 0.000000
-0.000000 0.000000 0.000000 0.000000
0.000000 0.000000 -0.000000 -0.000000
-0.550503 -0.396834 -2.271724 1.372549
0.000000 -0.000000 0.000000 -0.000000
-0.000000 0.000000 -0.000000 -0.000000
-0.000000 -0.000000 -0.000000 0.000000
0.000000 0.000000 0.000000 0.000000
31.275680 -48.846517 18.084712 -4.973985
-0.000000 -0.000000 0.000000 -0.000000
0.000000 0.000000 -0.000000 0.000000
-0.000000 -0.000000 0.000000 -0.000000
0.000000 -0.000000 0.000000 -0.000000
-1.706439 -8.525016 9.053252 -4.045453
-0.000000 0.000000 -0.000000 -0.000000
-0.000000 0.000000 -0.000000 0.000000
0.000000 -0.000000 0.000000 -0.000000
0.000000 -0.000000 0.000000 0.000000
0.455069 0.358816 1.722909 -1.669086
-0.000000 -0.000000 -0.000000 -0.000000
0.000000 -0.000000 0.000000 0.000000
0.000000 0.000000 0.000000 0.000000
-0.000000 -0.000000 -0.000000 -0.000000
0.281418 -2.285642 -0.032726 -0.672968
0.000000 -0.000000 -0.000000 -0.000000
0.000000 -0.000000 0.000000 -0.000000
0.000000 -0.000000 -0.000000 -0.000000
-0.000000 0.000000 -0.000000 0.000000
-2.214746 -0.172932 -0.623204 0.745248
-0.000000 0.000000 0.000000 -0.000000
-0.000000 0.000000 -0.000000 -0.000000
-0.000000 0.000000 -0.000000 -0.000000
0.000000 -0.000000 -0.000000 -0.000000
1.528606 2.287815 -3.159527 7.511031
0.000000 0.000000 -0.000000 0.000000
0.000000 -0.000000 0.000000 -0.000000
0.000000 -0.000000 0.000000 -0.000000
0.000000 -0.000000 0.000000 -0.000000
0.715510 -1.219038 -1.503555 0.823898
0.000000 0.000000 0.000000 0.000000
-0.000000 0.000000 -0.000000 0.000000
0.000000 -0.000000 -0.000000 0.000000
0.000000 -0.000000 -0.000000 0.000000
-0.564803 0.615527 -0.172697 -1.508670
0.000000 0.000000 -0.000000 -0.000000
-0.000000 -0.000000 0.000000 0.000000
-0.000000 -0.000000 -0.000000 -0.000000
0.000000 -0.000000 -0.000000 -0.000000
-0.509904 -1.140531 -1.207982 0.783085
0.000000 0.000000 0.000000 -0.000000
0.000000 0.000000 0.000000 0.000000
-0.000000 0.000000 0.000000 -0.000000
-0.000000 0.000000 0.000000 0.000000
-0.771546 -0.593678 0.396315 -0.301256
0.000000 0.000000 0.000000 0.000000
0.000000 -0.000000 0.000000 0.000000
0.000000 0.000000 0.000000 -0.000000
0.000000 -0.000000 0.000000 0.000000
-0.467607 0.232769 -0.157003 -0.403699
0.000000 0.000000 -0.000000 -0.000000
0.000000 0.000000 -0.000000 0.000000
-0.000000 -0.000000 -0.000000 0.000000
-0.000000 0.000000 -0.000000 0.000000
-1.490592 -0.599810 -0.390141 -0.945966
-0.000000 -0.000000 -0.000000 -0.000000
0.000000 0.000000 -0.000000 -0.000000
-0.000000 0.000000 -0.000000 0.000000
-0.000000 0.000000 0.000000 -0.000000
11.793891 -12.067803 6.720511 3.353458
-0.000000 0.000000 0.000000 0.000000
0.000000 -0.000000 -0.000000 -0.000000
-0.000000 0.000000 0.000000 0.000000
0.000000 -0.000000 0.000000 -0.000000
-1.227513 2.531429 0.136393 -0.710301
0.000000 -0.000000 -0.000000 0.000000
0.000000 0.000000 -0.000000 0.000000
0.000000 -0.000000 -0.000000 -0.000000
-0.000000 0.000000 -0.000000 -0.000000
-10.638801 2.803346 0.525481 8.464137
0.000000 -0.000000 0.000000 -0.000000
0.000000 -0.000000 0.000000 -0.000000
-0.000000 0.000000 -0.000000 0.000000
-0.000000 0.000000 -0.000000 0.000000
-1.363283 -6.808033 -0.391187 7.055928
-0.000000 -0.000000 -0.000000 -0.000000
-0.000000 0.000000 0.000000 -0.000000
-0.000000 -0.000000 -0.000000 -0.000000
0.000000 -0.000000 -0.000000 0.000000
-8.354216 24.676306 -33.669853 -46.571458
0.000000 -0.000000 -0.000000 -0.000000
-0.000000 0.000000 0.000000 0.000000
-0.000000 -0.000000 -0.000000 -0.000000
0.000000 -0.000000 -0.000000 -0.000000
0.346524 0.216453 -0.629280 2.407885
0.000000 0.000000 -0.000000 0.000000
0.000000 -0.000000 0.000000 -0.000000
-0.000000 -0.000000 0.000000 -0.000000
-0.000000 0.000000 -0.000000 0.000000
5.373236 1.448628 -1.406614 0.943032
-0.000000 -0.000000 -0.000000 0.000000
0.000000 0.000000 0.000000 -0.000000
-0.000000 -0.000000 -0.000000 0.000000
0.000000 0.000000 0.000000 0.000000
1.253062 1.684882 -0.391688 1.624595
0.000000 0.000000 0.000000 0.000000
-0.000000 0.000000 0.000000 0.000000
-0.000000 -0.000000 -0.000000 -0.000000
0.000000 -0.000000 -0.000000 0.000000
