0.018454 0.969476 -1.553707 -1.513543
2.561055 1.024444 1.450151 0.580073
1.024444 80.413853 0.580073 0.232034
1.450151 0.580073 6.413760 2.565559
0.580073 0.232034 2.565559 81.030313
5.055177 8.852283 -1.512124 -0.791790
3.280842 5.900770 -1.592143 -2.689407
5.900770 18.982369 -3.016363 -1.691543
-1.592143 -3.016363 2.283439 3.542242
-2.689407 -1.691543 3.542242 22.829256
7.098201 6.419290 0.226093 1.629157
3.213900 3.802174 0.496419 1.444881
3.802174 6.280683 0.863036 2.191155
0.496419 0.863036 1.862687 2