-0.016939 0.955319 0.396731 -0.733352
2.316435 0.926594 -0.360791 -0.144319
0.926594 80.374712 -0.144319 -0.057729
-0.360791 -0.144319 4.390940 1.756414
-0.144319 -0.057729 1.756414 80.706648
3.283425 5.944738 0.548475 0.175863
2.933071 5.121617 -1.690893 -2.623123
5.121617 16.867051 -2.895738 -5.429675
-1.690893 -2.895738 2.989895 4.736885
-2.623123 -5.429675 4.736885 20.834685
6.362626 6.229569 2.696725 2.746256
2.146178 2.453352 0.028612 0.361094
2.453352 4.643391 0.106658 -0.026581
0.028612 0.106658 0.936143 1.164880
0.361094 -0.026581 1.164880 4.360166
5.992941 3.374219 3.014302 1.592410
0.661783 0.541729 0.215735 0.235127
0.541729 1.129453 0.120606 -0.056741
0.215735 0.120606 1.569783 1.647136
0.235127 -0.056741 1.647136 2.584039
7.648122 3.379576 3.226076 1.146155
0.876092 0.661240 0.059483 -0.003985
0.661240 0.802777 -0.042810 -0.135004
0.059483 -0.042810 1.737789 1.328931
-0.003985 -0.135004 1.328931 1.365510
8.574686 2.870868 5.068184 1.927622
0.878856 0.537934 -0.001835 -0.037921
0.537934 0.483936 -0.050698 -0.077752
-0.001835 -0.050698 1.512225 0.893181
-0.037921 -0.077752 0.893181 0.707788
8.892839 2.280240 7.144758 2.497415
0.738873 0.378262 -0.170599 -0.104015
0.378262 0.285285 -0.116036 -0.078697
-0.170599 -0.116036 1.355277 0.659041
-0.104015 -0.078697 0.659041 0.429208
10.073908 2.309100 7.435956 2.104257
0.699563 0.308662 -0.299788 -0.134808
0.308662 0.197009 -0.144161 -0.070455
-0.299788 -0.144161 1.163849 0.482147
-0.134808 -0.070455 0.482147 0.273084
10.926354 2.193104 8.296731 2.036903
0.756812 0.292075 -0.274132 -0.102654
0.292075 0.157052 -0.107793 -0.044066
-0.274132 -0.107793 1.109664 0.401085
-0.102654 -0.044066 0.401085 0.198911
11.733211 2.094351 9.502113 2.096798
0.787632 0.269067 -0.276606 -0.088336
0.269067 0.126943 -0.092130 -0.032024
-0.276606 -0.092130 1.049853 0.337491
-0.088336 -0.032024 0.337491 0.151089
11.695241 1.755935 9.819960 1.878568
0.695339 0.212698 -0.327335 -0.092306
0.212698 0.094668 -0.096058 -0.029058
-0.327335 -0.096058 0.933905 0.271031
-0.092306 -0.029058 0.271031 0.114338
13.915876 2.130647 9.963497 1.676519
0.633495 0.177998 -0.245647 -0.060234
0.177998 0.076419 -0.061937 -0.016717
-0.245647 -0.061937 0.860028 0.230139
-0.060234 -0.016717 0.230139 0.092941
14.424829 1.981179 10.660164 1.634016
0.615082 0.161024 -0.223688 -0.049142
0.161024 0.066638 -0.050408 -0.012369
-0.223688 -0.050408 0.816373 0.203707
-0.049142 -0.012369 0.203707 0.079427
15.339434 1.966520 11.835414 1.718527
0.571388 0.141210 -0.174074 -0.033851
0.141210 0.058264 -0.034658 -0.007866
-0.174074 -0.034658 0.733233 0.172723
-0.033851 -0.007866 0.172723 0.067538
15.829207 1.850233 12.844862 1.745877
0.544418 0.128606 -0.140778 -0.024489
0.128606 0.053139 -0.025123 -0.005395
-0.140778 -0.025123 0.673759 0.151781
-0.024489 -0.005395 0.151781 0.059954
16.081238 1.706895 14.664260 1.945061
0.535782 0.122369 -0.104698 -0.015582
0.122369 0.050422 -0.016373 -0.003349
-0.104698 -0.016373 0.611761 0.133366
-0.015582 -0.003349 0.133366 0.054175
16.717097 1.657446 15.576835 1.929281
0.530674 0.117793 -0.086311 -0.011543
0.117793 0.048542 -0.012228 -0.002508
-0.086311 -0.012228 0.588169 0.125398
-0.011543 -0.002508 0.125398 0.051440
16.988308 1.539164 16.857030 1.989137
0.527172 0.114393 -0.070024 -0.008349
0.114393 0.047273 -0.009066 -0.001928
-0.070024 -0.009066 0.558724 0.117198
-0.008349 -0.001928 0.117198 0.049063
17.239157 1.442464 19.283936 2.282626
0.508472 0.108433 -0.050387 -0.004899
0.108433 0.045707 -0.005726 -0.001371
-0.050387 -0.005726 0.502836 0.104490
-0.004899 -0.001371 0.104490 0.046071
18.062051 1.461984 20.199001 2.236368
0.513884 0.108426 -0.034201 -0.002141
0.108426 0.045638 -0.002779 -0.000847
-0.034201 -0.002779 0.506815 0.105506
-0.002141 -0.000847 0.105506 0.046245
18.329922 1.362258 20.934610 2.152852
0.514272 0.107400 -0.036894 -0.003537
0.107400 0.045378 -0.004107 -0.001238
-0.036894 -0.004107 0.499932 0.103946
-0.003537 -0.001238 0.103946 0.045830
18.743658 1.305836 21.869649 2.121514
0.509413 0.105577 -0.040690 -0.004948
0.105577 0.045021 -0.005423 -0.001562
-0.040690 -0.005423 0.491337 0.102170
-0.004948 -0.001562 0.102170 0.045416
19.167081 1.255786 22.464237 2.022709
0.508446 0.104949 -0.035721 -0.004268
0.104949 0.044986 -0.004672 -0.001395
-0.035721 -0.004672 0.488560 0.101817
-0.004268 -0.001395 0.101817 0.045347
19.344314 1.166437 24.196934 2.171082
0.490392 0.101025 -0.019866 -0.001398
0.101025 0.044299 -0.001751 -0.000794
-0.019866 -0.001751 0.472379 0.098712
-0.001398 -0.000794 0.098712 0.044713
19.764740 1.134735 25.763945 2.271492
0.495625 0.102301 -0.013615 -0.000599
0.102301 0.044735 -0.000880 -0.000628
-0.013615 -0.000880 0.484982 0.101828
-0.000599 -0.000628 0.101828 0.045413
20.433101 1.154312 26.470418 2.181603
0.496379 0.102570 -0.003315 0.001044
0.102570 0.044916 0.000784 -0.000294
-0.003315 0.000784 0.487467 0.102466
0.001044 -0.000294 0.102466 0.045518
21.303210 1.215018 27.622909 2.195249
0.490275 0.101395 -0.001509 0.000820
0.101395 0.044770 0.000629 -0.000354
-0.001509 0.000629 0.492918 0.103605
0.000820 -0.000354 0.103605 0.045711
21.805484 1.193064 28.581973 2.166018
0.491714 0.101905 -0.003235 -0.000005
0.101905 0.044977 -0.000149 -0.000512
-0.003235 -0.000149 0.500596 0.105083
-0.000005 -0.000512 0.105083 0.045960
22.677205 1.250079 29.447519 2.120692
0.484835 0.100646 0.005714 0.001564
0.100646 0.044788 0.001437 -0.000145
0.005714 0.001437 0.501939 0.105105
0.001564 -0.000145 0.105105 0.045892
23.291878 1.247992 30.168741 2.049846
0.475857 0.099055 -0.002802 -0.000592
0.099055 0.044536 -0.000688 -0.000573
-0.002802 -0.000688 0.500017 0.104458
-0.000592 -0.000573 0.104458 0.045702
24.298616 1.327980 31.209049 2.052970
0.475256 0.099329 -0.000014 -0.000109
0.099329 0.044678 -0.000189 -0.000404
-0.000014 -0.000189 0.509438 0.106265
-0.000109 -0.000404 0.106265 0.046052
24.743363 1.282066 32.123693 2.029804
0.464802 0.097470 -0.004006 -0.001036
0.097470 0.044342 -0.001115 -0.000544
-0.004006 -0.001115 0.512894 0.106678
-0.001036 -0.000544 0.106678 0.046089
25.520647 1.311279 32.025946 1.798996
0.463875 0.097741 -0.016614 -0.003628
0.097741 0.044465 -0.003727 -0.001020
-0.016614 -0.003727 0.497048 0.103090
-0.003628 -0.001020 0.103090 0.045307
26.201516 1.316549 32.552178 1.721529
0.446191 0.094371 -0.020343 -0.004124
0.094371 0.043786 -0.004215 -0.001021
-0.020343 -0.004215 0.491473 0.102003
-0.004124 -0.001021 0.102003 0.045120
27.228842 1.395197 33.475565 1.734895
0.443921 0.094509 -0.029584 -0.005737
0.094509 0.043886 -0.005845 -0.001276
-0.029584 -0.005845 0.501742 0.104301
-0.005737 -0.001276 0.104301 0.045646
27.841285 1.376582 34.143399 1.693237
0.442299 0.094676 -0.033496 -0.006122
0.094676 0.043954 -0.006220 -0.001265
-0.033496 -0.006220 0.507414 0.105417
-0.006122 -0.001265 0.105417 0.045874
28.618986 1.397232 35.492016 1.797725
0.421527 0.090578 -0.048947 -0.008974
0.090578 0.043067 -0.009065 -0.001801
-0.048947 -0.009065 0.523771 0.108618
-0.008974 -0.001801 0.108618 0.046511
28.894812 1.305772 36.469169 1.812138
0.416807 0.090301 -0.044941 -0.007536
0.090301 0.043071 -0.007510 -0.001391
-0.044941 -0.007510 0.532893 0.110096
-0.007536 -0.001391 0.110096 0.046755
29.378117 1.267968 37.235168 1.782407
0.424225 0.092518 -0.051820 -0.008509
0.092518 0.043571 -0.008562 -0.001569
-0.051820 -0.008562 0.542711 0.111570
-0.008509 -0.001569 0.111570 0.046982
30.158417 1.300478 38.191799 1.796702
0.427306 0.093460 -0.057084 -0.009146
0.093460 0.043722 -0.009205 -0.001673
-0.057084 -0.009205 0.555797 0.113642
-0.009146 -0.001673 0.113642 0.047334
30.659534 1.263373 38.454582 1.666082
0.427631 0.093663 -0.056344 -0.008585
0.093663 0.043693 -0.008687 -0.001552
-0.056344 -0.008687 0.546291 0.111018
-0.008585 -0.001552 0.111018 0.046727
31.391289 1.285909 39.356789 1.680885
0.440002 0.096420 -0.058501 -0.008648
0.096420 0.044221 -0.008770 -0.001561
-0.058501 -0.008770 0.558090 0.113048
-0.008648 -0.001561 0.113048 0.047140
31.935023 1.266918 40.558242 1.753227
0.448601 0.098061 -0.056903 -0.008035
0.098061 0.044464 -0.008066 -0.001430
-0.056903 -0.008066 0.571816 0.115365
-0.008035 -0.001430 0.115365 0.047594
32.489173 1.250334 41.531273 1.772026
0.458644 0.099839 -0.057175 -0.007897
0.099839 0.044724 -0.007976 -0.001439
-0.057175 -0.007976 0.575651 0.115525
-0.007897 -0.001439 0.115525 0.047587
32.832005 1.186151 42.063309 1.698799
0.460957 0.099812 -0.053940 -0.007168
0.099812 0.044595 -0.007310 -0.001348
-0.053940 -0.007310 0.561056 0.112094
-0.007168 -0.001348 0.112094 0.046888
33.401149 1.184826 43.408508 1.797925
0.479715 0.103380 -0.053731 -0.007007
0.103380 0.045277 -0.007210 -0.001350
-0.053731 -0.007210 0.568123 0.113380
-0.007007 -0.001350 0.113380 0.047205
33.655535 1.106500 43.549326 1.643759
0.493645 0.105579 -0.056067 -0.007434
0.105579 0.045619 -0.007973 -0.001533
-0.056067 -0.007973 0.537092 0.106955
-0.007434 -0.001533 0.106955 0.045954
34.387826 1.148869 44.936700 1.758644
0.480681 0.102123 -0.031500 -0.002644
0.102123 0.044805 -0.002757 -0.000543
-0.031500 -0.002757 0.526583 0.105463
-0.002644 -0.000543 0.105463 0.045833
35.128937 1.189668 46.644555 1.926861
0.509142 0.107702 -0.033755 -0.003373
0.107702 0.045969 -0.003674 -0.000795
-0.033755 -0.003674 0.527377 0.106130
-0.003373 -0.000795 0.106130 0.046091
35.510018 1.141394 47.040520 1.810696
0.506776 0.106388 -0.022243 -0.001427
0.106388 0.045612 -0.001929 -0.000516
-0.022243 -0.001929 0.465820 0.094158
-0.001427 -0.000516 0.094158 0.043764
