-0.731485 -9.242883 3.714027 2.750118
-0.000000 -0.000000 0.000000 0.000000
-0.000000 -0.000000 -0.000000 0.000000
0.000000 0.000000 0.000000 -0.000000
0.000000 0.000000 0.000000 -0.000000
0.543732 -1.745149 1.931376 -0.373198
0.000000 0.000000 -0.000000 0.000000
0.000000 0.000000 -0.000000 0.000000
0.000000 0.000000 -0.000000 0.000000
0.000000 0.000000 -0.000000 0.000000
-1.579261 -1.545571 -0.653947 -0.109439
0.000000 0.000000 0.000000 -0.000000
0.000000 -0.000000 0.000000 0.000000
-0.000000 -0.000000 0.000000 0.000000
0.000000 -0.000000 0.000000 0.000000
0.428787 0.104154 -1.404410 -0.846430
0.000000 0.000000 0.000000 0.000000
-0.000000 -0.000000 0.000000 -0.000000
-0.000000 -0.000000 -0.000000 -0.000000
0.000000 0.000000 0.000000 -0.000000
0.988751 -0.025623 -0.995331 0.871896
-0.000000 -0.000000 -0.000000 0.000000
-0.000000 -0.000000 0.000000 -0.000000
0.000000 0.000000 0.000000 -0.000000
-0.000000 -0.000000 -0.000000 0.000000
0.256618 1.242102 0.188957 -1.091653
-0.000000 0.000000 -0.000000 0.000000
0.000000 -0.000000 -0.000000 0.000000
-0.000000 0.000000 0.000000 0.000000
-0.000000 -0.000000 -0.000000 -0.000000
-0.660810 2.371310 -2.553121 -1.652878
-0.000000 0.000000 0.000000 0.000000
0.000000 0.000000 -0.000000 -0.000000
0.000000 -0.000000 0.000000 0.000000
-0.000000 -0.000000 0.000000 0.000000
-0.182876 -0.543070 0.795542 0.266877
-0.000000 -0.000000 -0.000000 -0.000000
-0.000000 -0.000000 -0.000000 0.000000
-0.000000 -0.000000 -0.000000 -0.000000
-0.000000 -0.000000 0.000000 -0.000000
-0.774755 -1.971797 2.015240 0.449994
-0.000000 -0.000000 0.000000 0.000000
0.000000 -0.000000 -0.000000 -0.000000
0.000000 -0.000000 -0.000000 0.000000
0.000000 0.000000 0.000000 -0.000000
-0.547154 -0.542737 -0.669611 -0.742155
-0.000000 0.000000 0.000000 -0.000000
0.000000 -0.000000 0.000000 0.000000
-0.000000 0.000000 0.000000 0.000000
-0.000000 0.000000 -0.000000 0.000000
-1.031893 0.017739 0.992419 0.043904
0.000000 -0.000000 -0.000000 -0.000000
0.000000 0.000000 -0.000000 -0.000000
0.000000 -0.000000 0.000000 -0.000000
0.000000 0.000000 -0.000000 -0.000000
0.490989 -0.398256 0.667641 0.329237
-0.000000 -0.000000 0.000000 -0.000000
0.000000 -0.000000 0.000000 0.000000
-0.000000 -0.000000 0.000000 -0.000000
0.000000 0.000000 0.000000 0.000000
-0.723006 0.286757 0.064210 -0.167460
-0.000000 -0.000000 0.000000 -0.000000
-0.000000 0.000000 -0.000000 0.000000
0.000000 0.000000 -0.000000 -0.000000
0.000000 0.000000 0.000000 -0.000000
-0.589909 0.425002 -0.310910 0.522767
0.000000 -0.000000 -0.000000 -0.000000
0.000000 0.000000 0.000000 0.000000
-0.000000 0.000000 -0.000000 -0.000000
-0.000000 -0.000000 0.000000 0.000000
-1.329497 2.571406 -0.991887 2.906914
-0.000000 -0.000000 0.000000 -0.000000
0.000000 0.000000 -0.000000 0.000000
-0.000000 -0.000000 0.000000 -0.000000
-0.000000 -0.000000 -0.000000 -0.000000
-1.375468 -0.637962 -0.540286 0.139135
-0.000000 -0.000000 -0.000000 0.000000
-0.000000 0.000000 -0.000000 -0.000000
0.000000 0.000000 0.000000 0.000000
-0.000000 0.000000 -0.000000 0.000000
0.771445 2.321720 1.447212 1.788783
0.000000 0.000000 -0.000000 0.000000
0.000000 0.000000 0.000000 0.000000
-0.000000 0.000000 0.000000 0.000000
0.000000 -0.000000 -0.000000 0.000000
-0.251145 -0.927335 2.154928 3.944564
0.000000 0.000000 0.000000 -0.000000
-0.000000 0.000000 0.000000 0.000000
0.000000 0.000000 -0.000000 -0.000000
-0.000000 0.000000 0.000000 0.000000
-0.247965 -1.310222 0.279598 -0.495859
-0.000000 -0.000000 -0.000000 0.000000
-0.000000 0.000000 -0.000000 0.000000
-0.000000 0.000000 -0.000000 -0.000000
-0.000000 -0.000000 -0.000000 0.000000
-0.479310 0.306837 -1.781416 1.832583
0.000000 -0.000000 -0.000000 -0.000000
-0.000000 0.000000 0.000000 0.000000
-0.000000 0.000000 -0.000000 -0.000000
0.000000 -0.000000 0.000000 0.000000
0.126415 0.940955 -0.242781 2.769858
-0.000000 -0.000000 0.000000 -0.000000
0.000000 0.000000 0.000000 0.000000
-0.000000 0.000000 -0.000000 -0.000000
0.000000 -0.000000 0.000000 0.000000
2.318969 -0.472147 3.791992 0.385333
0.000000 0.000000 0.000000 0.000000
0.000000 -0.000000 -0.000000 -0.000000
-0.000000 0.000000 0.000000 -0.000000
-0.000000 0.000000 0.000000 -0.000000
-6.785717 4.420774 4.974037 -12.159283
-0.000000 -0.000000 -0.000000 0.000000
0.000000 0.000000 0.000000 -0.000000
0.000000 0.000000 0.000000 -0.000000
-0.000000 -0.000000 -0.000000 0.000000
12.769328 47.885782 47.497551 -427.429109
0.000000 0.000000 0.000000 0.000000
0.000000 0.000000 0.000000 0.000000
0.000000 0.000000 0.000000 0.000000
-0.000000 -0.000000 -0.000000 -0.000000
0.691726 3.474334 -1.425450 0.147885
-0.000000 0.000000 -0.000000 -0.000000
0.000000 0.000000 -0.000000 0.000000
-0.000000 0.000000 -0.000000 -0.000000
-0.000000 0.000000 -0.000000 -0.000000
-0.595179 -0.137076 -0.548658 -0.326139
-0.000000 0.000000 -0.000000 -0.000000
0.000000 -0.000000 0.000000 -0.000000
-0.000000 -0.000000 0.000000 -0.000000
0.000000 -0.000000 -0.000000 0.000000
-0.747978 3.519846 0.062210 3.273810
-0.000000 0.000000 0.000000 0.000000
-0.000000 -0.000000 0.000000 0.000000
0.000000 0.000000 -0.000000 0.000000
0.000000 0.000000 0.000000 0.000000
2.127786 -0.816491 3.517385 -6.172691
-0.000000 -0.000000 -0.000000 0.000000
0.000000 0.000000 0.000000 -0.000000
-0.000000 -0.000000 -0.000000 0.000000
0.000000 0.000000 0.000000 -0.000000
0.281219 2.067288 1.056323 -0.649335
0.000000 0.000000 0.000000 0.000000
0.000000 0.000000 0.000000 0.000000
-0.000000 0.000000 -0.000000 0.000000
0.000000 -0.000000 0.000000 -0.000000
-1.592525 -0.951673 -3.072030 0.646833
-0.000000 -0.000000 -0.000000 0.000000
-0.000000 -0.000000 0.000000 0.000000
-0.000000 0.000000 -0.000000 0.000000
0.000000 0.000000 -0.000000 0.000000
0.671678 -1.991029 3.612145 -6.365856
-0.000000 0.000000 -0.000000 -0.000000
-0.000000 0.000000 -0.000000 -0.000000
0.000000 -0.000000 0.000000 0.000000
-0.000000 0.000000 0.000000 0.000000
1.097867 -1.517865 1.058210 0.271196
-0.000000 0.000000 -0.000000 -0.000000
0.000000 -0.000000 0.000000 0.000000
0.000000 -0.000000 -0.000000 -0.000000
0.000000 -0.000000 0.000000 0.000000
2.477436 -3.265149 -6.586902 1.077839
-0.000000 -0.000000 -0.000000 0.000000
0.000000 0.000000 -0.000000 0.000000
0.000000 0.000000 0.000000 -0.000000
0.000000 0.000000 -0.000000 0.000000
1.845332 -0.897589 0.032775 0.526142
0.000000 -0.000000 -0.000000 -0.000000
-0.000000 -0.000000 0.000000 0.000000
-0.000000 -0.000000 -0.000000 -0.000000
-0.000000 0.000000 -0.000000 0.000000
41.277309 -25.687570 -15.906298 13.367947
0.000000 -0.000000 -0.000000 0.000000
0.000000 -0.000000 -0.000000 0.000000
0.000000 -0.000000 -0.000000 0.000000
0.000000 -0.000000 -0.000000 0.000000
-0.952843 1.624383 10.054582 -0.819082
0.000000 0.000000 0.000000 -0.000000
0.000000 0.000000 0.000000 -0.000000
-0.000000 -0.000000 -0.000000 -0.000000
-0.000000 -0.000000 -0.000000 -0.000000
-0.845111 -0.405462 -1.719912 -0.552918
0.000000 -0.000000 0.000000 -0.000000
0.000000 0.000000 -0.000000 0.000000
-0.000000 -0.000000 0.000000 0.000000
-0.000000 -0.000000 0.000000 0.000000
1.832393 -0.263430 -1.306674 1.515957
-0.000000 0.000000 0.000000 0.000000
-0.000000 0.000000 0.000000 0.000000
-0.000000 0.000000 0.000000 0.000000
0.000000 0.000000 0.000000 0.000000
0.664983 1.702565 0.548619 2.375524
0.000000 0.000000 -0.000000 -0.000000
-0.000000 0.000000 -0.000000 -0.000000
-0.000000 0.000000 -0.000000 -0.000000
-0.000000 0.000000 -0.000000 -0.000000
0.332084 1.533035 -1.850112 0.767016
-0.000000 0.000000 -0.000000 0.000000
-0.000000 0.000000 -0.000000 0.000000
-0.000000 0.000000 0.000000 0.000000
-0.000000 0.000000 -0.000000 -0.000000
-0.901671 0.505462 -0.557638 -2.668136
0.000000 -0.000000 0.000000 0.000000
-0.000000 -0.000000 -0.000000 -0.000000
-0.000000 -0.000000 -0.000000 -0.000000
0.000000 0.000000 0.000000 0.000000
-12.959107 0.964240 0.609218 -1.714268
0.000000 0.000000 0.000000 -0.000000
-0.000000 -0.000000 -0.000000 0.000000
-0.000000 -0.000000 -0.000000 0.000000
0.000000 0.000000 0.000000 -0.000000
-2.296151 1.099569 -1.835512 0.131241
0.000000 -0.000000 0.000000 -0.000000
-0.000000 -0.000000 0.000000 0.000000
0.000000 -0.000000 0.000000 0.000000
0.000000 -0.000000 0.000000 -0.000000
-0.934641 -0.061596 -0.239227 -0.778694
0.000000 -0.000000 -0.000000 -0.000000
-0.000000 -0.000000 0.000000 0.000000
-0.000000 0.000000 -0.000000 -0.000000
0.000000 -0.000000 -0.000000 -0.000000
-1.040987 -0.589287 -0.904189 0.077342
0.000000 0.000000 0.000000 0.000000
0.000000 -0.000000 -0.000000 -0.000000
0.000000 -0.000000 -0.000000 -0.000000
-0.000000 0.000000 -0.000000 0.000000
0.689655 2.547067 0.458366 0.834047
-0.000000 -0.000000 -0.000000 -0.000000
0.000000 0.000000 0.000000 -0.000000
-0.000000 0.000000 -0.000000 -0.000000
0.000000 0.000000 0.000000 -0.000000
1.389243 -0.775412 -0.297680 0.048717
-0.000000 0.000000 0.000000 -0.000000
-0.000000 0.000000 -0.000000 -0.000000
0.000000 0.000000 -0.000000 0.000000
-0.000000 -0.000000 -0.000000 -0.000000
11.387903 -2.946214 3.003655 0.101931
0.000000 0.000000 -0.000000 -0.000000
0.000000 0.000000 -0.000000 -0.000000
-0.000000 -0.000000 0.000000 0.000000
0.000000 0.000000 -0.000000 -0.000000
-1.154518 0.006073 0.249843 -0.997370
-0.000000 0.000000 -0.000000 -0.000000
-0.000000 0.000000 -0.000000 0.000000
0.000000 0.000000 -0.000000 0.000000
-0.000000 0.000000 -0.000000 -0.000000
0.075910 -2.816684 -2.181755 -0.592124
-0.000000 0.000000 0.000000 0.000000
-0.000000 0.000000 0.000000 0.000000
0.000000 -0.000000 -0.000000 -0.000000
0.000000 -0.000000 0.000000 -0.000000
