2.870384 2.110273 1.552410 -0.271070
2.265366 0.906166 1.157749 0.463110
0.906166 80.366541 0.463110 0.185248
1.157749 0.463110 5.817994 2.327248
0.463110 0.185248 2.327248 80.934986
3.201895 0.718957 2.703715 1.737042
4.239878 7.567065 -0.620350 -1.296992
7.567065 21.115626 -1.340092 0.150919
-0.620350 -1.340092 2.846134 4.358531
-1.296992 0.150919 4.358531 22.942240
6.104793 3.475148 4.270351 2.764925
2.661036 2.781994 -0.989722 -1.045492
2.781994 4.763624 -0.894661 -0.401045
-0.989722 -0.894661 2.737989 3.310913
-1.045492 -0.401045 3.310913 7.521661
7.719146 3.260944 3.995943 1.233373
1.890943 1.485796 -0.391732 -0.175902
1.485796 1.894814 -0.087263 0.166571
-0.391732 -0.087263 3.242002 2.935419
-0.175902 0.166571 2.935419 3.835652
7.429302 2.061584 5.197394 1.515369
1.014177 0.653444 0.162710 0.173776
0.653444 0.774156 0.225088 0.213713
0.162710 0.225088 2.857680 1.965711
0.173776 0.213713 1.965711 1.880066
8.712865 2.194971 5.589258 1.322556
1.075456 0.598527 0.066450 0.067170
0.598527 0.528286 0.085302 0.066123
0.066450 0.085302 2.532840 1.387062
0.067170 0.066123 1.387062 1.047727
8.715201 1.669450 5.978229 1.181523
0.699644 0.332265 -0.168384 -0.066228
0.332265 0.277703 -0.059457 -0.023178
-0.168384 -0.059457 2.065325 0.940528
-0.066228 -0.023178 0.940528 0.606505
9.166445 1.497561 5.891943 0.908328
0.747438 0.320318 -0.174981 -0.058399
0.320318 0.217334 -0.056491 -0.019616
-0.174981 -0.056491 1.920640 0.756786
-0.058399 -0.019616 0.756786 0.418762
9.453284 1.317164 6.073354 0.807201
0.719534 0.275731 -0.157920 -0.045741
0.275731 0.163014 -0.044980 -0.014186
-0.157920 -0.044980 1.755764 0.610329
-0.045741 -0.014186 0.610329 0.299508
10.487481 1.451771 6.979862 0.968818
0.762255 0.264210 -0.083525 -0.017402
0.264210 0.135542 -0.016265 -0.004064
-0.083525 -0.016265 1.573305 0.491196
-0.017402 -0.004064 0.491196 0.220411
11.249177 1.470212 8.581026 1.287067
0.704146 0.221240 -0.061278 -0.011188
0.221240 0.105340 -0.010858 -0.002941
-0.061278 -0.010858 1.313011 0.373259
-0.011188 -0.002941 0.373259 0.160178
11.944708 1.456447 8.771088 1.167274
0.650686 0.187839 -0.089847 -0.019176
0.187839 0.085031 -0.020103 -0.005595
-0.089847 -0.020103 1.156120 0.304089
-0.019176 -0.005595 0.304089 0.125464
12.578677 1.429414 9.015109 1.082737
0.658310 0.177280 -0.077743 -0.015057
0.177280 0.075405 -0.015733 -0.004166
-0.077743 -0.015733 1.114668 0.275018
-0.015057 -0.004166 0.275018 0.107508
12.458936 1.223793 10.924758 1.397216
0.620046 0.156878 -0.059101 -0.010284
0.156878 0.065393 -0.010986 -0.002908
-0.059101 -0.010986 0.934763 0.217729
-0.010284 -0.002908 0.217729 0.086351
12.550616 1.098084 11.504781 1.368082
0.612754 0.147262 -0.070041 -0.012558
0.147262 0.059900 -0.013606 -0.003389
-0.070041 -0.013606 0.845411 0.188603
-0.012558 -0.003389 0.188603 0.074907
13.230515 1.129200 12.433742 1.421701
0.624001 0.143735 -0.036580 -0.004767
0.143735 0.056932 -0.005326 -0.001407
-0.036580 -0.005326 0.806191 0.174142
-0.004767 -0.001407 0.174142 0.068459
14.258244 1.234144 13.809605 1.563507
0.629787 0.139783 0.015555 0.005971
0.139783 0.054501 0.005974 0.000972
0.015555 0.005974 0.766591 0.161243
0.005971 0.000972 0.161243 0.063337
14.700600 1.197683 15.147013 1.677309
0.642332 0.137986 0.040425 0.009935
0.137986 0.053003 0.010050 0.001634
0.040425 0.010050 0.724734 0.149109
0.009935 0.001634 0.149109 0.059083
16.072839 1.359280 16.573976 1.796794
0.644740 0.134599 0.093226 0.019243
0.134599 0.051506 0.019664 0.003395
0.093226 0.019664 0.706601 0.143016
0.019243 0.003395 0.143016 0.056625
16.227188 1.251188 17.869973 1.877480
0.655811 0.133697 0.098578 0.018255
0.133697 0.050814 0.018713 0.002928
0.098578 0.018713 0.672104 0.134196
0.018255 0.002928 0.134196 0.053955
17.282296 1.335542 19.220314 1.957288
0.671180 0.133943 0.134368 0.023615
0.133943 0.050505 0.024127 0.003834
0.134368 0.024127 0.669824 0.132469
0.023615 0.003834 0.132469 0.052985
18.900203 1.520732 20.556067 2.021000
0.675250 0.132079 0.182975 0.031274
0.132079 0.049868 0.031696 0.005158
0.182975 0.031696 0.670544 0.131281
0.031274 0.005158 0.131281 0.052222
19.982544 1.580958 21.847250 2.072978
0.699862 0.134904 0.198157 0.031662
0.134904 0.050323 0.032076 0.004973
0.198157 0.032076 0.687343 0.133571
0.031662 0.004973 0.133571 0.052296
20.378888 1.507159 22.678334 2.037856
0.693700 0.132182 0.174411 0.025027
0.132182 0.049792 0.025557 0.003591
0.174411 0.025557 0.670755 0.129552
0.025027 0.003591 0.129552 0.051241
20.266772 1.337997 23.908670 2.092166
0.660391 0.124377 0.178539 0.025154
0.124377 0.048296 0.025622 0.003757
0.178539 0.025622 0.631011 0.120987
0.025154 0.003757 0.120987 0.049322
20.680587 1.286926 25.092180 2.123410
0.676232 0.127178 0.164710 0.021149
0.127178 0.049049 0.021782 0.003009
0.164710 0.021782 0.636113 0.122284
0.021149 0.003009 0.122284 0.049582
20.987124 1.218116 26.427795 2.183048
0.678068 0.126939 0.164330 0.020594
0.126939 0.049112 0.021179 0.003043
0.164330 0.021179 0.634089 0.121769
0.020594 0.003043 0.121769 0.049400
22.190929 1.334465 27.337791 2.136898
0.688884 0.128361 0.176050 0.022437
0.128361 0.049459 0.023064 0.003544
0.176050 0.023064 0.632619 0.121175
0.022437 0.003544 0.121175 0.049179
22.400164 1.241784 28.735341 2.209867
0.662944 0.122838 0.184880 0.024326
0.122838 0.048479 0.024379 0.004025
0.184880 0.024379 0.628736 0.120209
0.024326 0.004025 0.120209 0.048909
22.596416 1.156840 30.065444 2.262175
0.650941 0.120962 0.170436 0.021281
0.120962 0.048358 0.021232 0.003525
0.170436 0.021232 0.626519 0.120083
0.021281 0.003525 0.120083 0.048921
23.222016 1.174565 30.717523 2.166999
0.653026 0.122095 0.148014 0.016762
0.122095 0.048820 0.017237 0.002852
0.148014 0.017237 0.607565 0.116782
0.016762 0.002852 0.116782 0.048330
23.738512 1.166386 31.497982 2.108566
0.651062 0.122284 0.127637 0.013192
0.122284 0.049032 0.013860 0.002374
0.127637 0.013860 0.596559 0.115244
0.013192 0.002374 0.115244 0.048109
24.551493 1.211553 32.480665 2.090449
0.654433 0.123249 0.118978 0.012160
0.123249 0.049323 0.012840 0.002367
0.118978 0.012840 0.595206 0.115464
0.012160 0.002367 0.115464 0.048195
25.232513 1.229754 33.281060 2.040839
0.658107 0.124399 0.096524 0.008454
0.124399 0.049659 0.009322 0.001838
0.096524 0.009322 0.588126 0.114698
0.008454 0.001838 0.114698 0.048111
26.424648 1.344521 33.980832 1.968982
0.658751 0.124523 0.095817 0.009372
0.124523 0.049700 0.010230 0.002213
0.095817 0.010230 0.578524 0.113089
0.009372 0.002213 0.113089 0.047785
26.443221 1.225372 34.521328 1.889599
0.633948 0.120239 0.061092 0.003692
0.120239 0.048988 0.004463 0.001254
0.061092 0.004463 0.567468 0.111753
0.003692 0.001254 0.111753 0.047623
26.884699 1.191595 35.561686 1.910551
0.631513 0.120347 0.042062 0.001196
0.120347 0.049118 0.001865 0.000904
0.042062 0.001865 0.574761 0.113851
0.001196 0.000904 0.113851 0.048091
27.822065 1.257613 36.453225 1.894703
0.651017 0.124559 0.024904 -0.001066
0.124559 0.050001 -0.000230 0.000596
0.024904 -0.000230 0.576751 0.114578
-0.001066 0.000596 0.114578 0.048225
28.546383 1.272965 37.849202 1.983335
0.637305 0.121883 0.021309 -0.000306
0.121883 0.049462 0.000233 0.000836
0.021309 0.000233 0.587985 0.116906
-0.000306 0.000836 0.116906 0.048636
29.073329 1.250719 39.099887 2.035402
0.628300 0.120407 0.004700 -0.002449
0.120407 0.049211 -0.001963 0.000464
0.004700 -0.001963 0.592739 0.117776
-0.002449 0.000464 0.117776 0.048741
29.760920 1.262271 40.247998 2.061041
0.630235 0.121107 -0.012555 -0.004753
0.121107 0.049387 -0.004239 0.000057
-0.012555 -0.004239 0.592058 0.117460
-0.004753 0.000057 0.117460 0.048607
30.626229 1.307580 41.085563 2.022419
0.626585 0.120595 -0.021783 -0.005422
0.120595 0.049297 -0.004939 -0.000041
-0.021783 -0.004939 0.578958 0.114680
-0.005422 -0.000041 0.114680 0.047998
31.125823 1.277890 42.204992 2.043885
0.624054 0.120295 -0.041850 -0.008373
0.120295 0.049246 -0.007871 -0.000614
-0.041850 -0.007871 0.580000 0.114950
-0.008373 -0.000614 0.114950 0.048048
31.977282 1.317699 42.640118 1.927846
0.634240 0.122420 -0.057261 -0.010300
0.122420 0.049654 -0.009867 -0.000989
-0.057261 -0.009867 0.561736 0.111324
-0.010300 -0.000989 0.111324 0.047313
32.494157 1.289909 43.517159 1.910053
0.633875 0.122251 -0.074381 -0.012616
0.122251 0.049573 -0.012161 -0.001438
-0.074381 -0.012161 0.561953 0.111644
-0.012616 -0.001438 0.111644 0.047411
32.824313 1.227790 44.264839 1.866949
0.634661 0.122266 -0.093789 -0.015378
0.122266 0.049526 -0.014889 -0.001977
-0.093789 -0.014889 0.561742 0.111759
-0.015378 -0.001977 0.111759 0.047436
33.799650 1.296870 45.076309 1.845101
0.649970 0.125132 -0.102374 -0.015822
0.125132 0.050044 -0.015492 -0.002068
-0.102374 -0.015492 0.559562 0.111468
-0.015822 -0.002068 0.111468 0.047375
34.997130 1.405838 46.286825 1.907903
0.686077 0.131659 -0.119946 -0.018042
0.131659 0.051210 -0.017842 -0.002508
-0.119946 -0.017842 0.572033 0.114012
-0.018042 -0.002508 0.114012 0.047859
35.707492 1.407423 47.254747 1.910793
0.701693 0.133586 -0.141810 -0.021296
0.133586 0.051389 -0.021025 -0.003154
-0.141810 -0.021025 0.579083 0.115128
-0.021296 -0.003154 0.115128 0.047994
36.678441 1.454535 47.881034 1.847689
0.715462 0.135129 -0.156220 -0.022940
0.135129 0.051520 -0.022795 -0.003496
-0.156220 -0.022795 0.574728 0.113898
-0.022940 -0.003496 0.113898 0.047660
