0.062752 -0.974552 0.729963 -0.414608
-0.000000 -0.000000 -0.000000 0.000000
0.000000 -0.000000 0.000000 -0.000000
-0.000000 -0.000000 -0.000000 0.000000
-0.000000 -0.000000 0.000000 0.000000
-0.030961 1.290519 0.166406 0.070212
0.000000 0.000000 -0.000000 -0.000000
-0.000000 0.000000 0.000000 -0.000000
0.000000 -0.000000 0.000000 0.000000
0.000000 -0.000000 -0.000000 0.000000
-0.508698 -1.199273 2.417560 0.792720
0.000000 0.000000 -0.000000 -0.000000
-0.000000 0.000000 -0.000000 -0.000000
0.000000 -0.000000 -0.000000 -0.000000
-0.000000 0.000000 -0.000000 0.000000
3.607932 -0.323833 -0.045593 -0.190178
-0.000000 -0.000000 0.000000 0.000000
0.000000 -0.000000 0.000000 0.000000
-0.000000 -0.000000 0.000000 0.000000
0.000000 0.000000 -0.000000 0.000000
0.965148 -2.159138 -3.769069 3.015105
-0.000000 -0.000000 0.000000 -0.000000
-0.000000 -0.000000 0.000000 -0.000000
-0.000000 -0.000000 0.000000 -0.000000
0.000000 0.000000 -0.000000 0.000000
-0.379125 -5.417743 -4.090823 -1.162070
-0.000000 -0.000000 0.000000 -0.000000
-0.000000 0.000000 0.000000 -0.000000
0.000000 0.000000 0.000000 0.000000
-0.000000 0.000000 0.000000 -0.000000
-3.188675 0.169433 0.923533 -0.114751
0.000000 -0.000000 0.000000 0.000000
0.000000 -0.000000 0.000000 -0.000000
-0.000000 0.000000 -0.000000 -0.000000
0.000000 -0.000000 0.000000 -0.000000
1.490129 0.793773 2.762547 -2.631771
0.000000 -0.000000 -0.000000 0.000000
-0.000000 0.000000 -0.000000 0.000000
0.000000 0.000000 -0.000000 0.000000
-0.000000 0.000000 -0.000000 0.000000
-0.408597 -0.037074 -0.198717 1.223161
0.000000 0.000000 -0.000000 -0.000000
-0.000000 -0.000000 -0.000000 -0.000000
0.000000 0.000000 -0.000000 0.000000
0.000000 0.000000 0.000000 -0.000000
0.254786 0.871673 -0.643332 -0.635680
-0.000000 0.000000 -0.000000 0.000000
0.000000 0.000000 -0.000000 -0.000000
0.000000 0.000000 0.000000 0.000000
0.000000 0.000000 -0.000000 0.000000
-0.393213 0.274223 -1.192306 1.023506
-0.000000 -0.000000 0.000000 -0.000000
0.000000 -0.000000 0.000000 0.000000
-0.000000 0.000000 0.000000 -0.000000
0.000000 -0.000000 -0.000000 0.000000
-0.539791 -2.451930 0.788154 -0.023556
-0.000000 0.000000 0.000000 0.000000
-0.000000 -0.000000 0.000000 0.000000
0.000000 0.000000 0.000000 -0.000000
-0.000000 -0.000000 -0.000000 -0.000000
-1.128619 3.196567 2.857642 0.388037
-0.000000 0.000000 0.000000 -0.000000
0.000000 -0.000000 -0.000000 -0.000000
-0.000000 0.000000 0.000000 -0.000000
-0.000000 0.000000 0.000000 0.000000
-0.981041 -0.734062 -0.419280 -1.402961
-0.000000 -0.000000 0.000000 0.000000
-0.000000 -0.000000 0.000000 0.000000
0.000000 -0.000000 -0.000000 0.000000
0.000000 0.000000 -0.000000 -0.000000
-1.271130 -0.980570 -0.621148 0.884478
-0.000000 -0.000000 -0.000000 0.000000
-0.000000 -0.000000 0.000000 -0.000000
-0.000000 0.000000 0.000000 -0.000000
0.000000 -0.000000 -0.000000 0.000000
1.499231 0.631408 -1.004454 3.592433
-0.000000 0.000000 -0.000000 0.000000
0.000000 -0.000000 -0.000000 0.000000
-0.000000 -0.000000 0.000000 -0.000000
0.000000 0.000000 0.000000 -0.000000
-0.145008 0.382385 0.036753 -0.313665
-0.000000 0.000000 -0.000000 -0.000000
-0.000000 -0.000000 -0.000000 0.000000
-0.000000 -0.000000 -0.000000 0.000000
-0.000000 0.000000 0.000000 -0.000000
1.564298 -0.408144 -0.258020 -0.724732
-0.000000 0.000000 -0.000000 -0.000000
0.000000 0.000000 -0.000000 0.000000
0.000000 -0.000000 0.000000 0.000000
-0.000000 -0.000000 -0.000000 0.000000
-0.902139 1.303403 -1.158742 -0.915266
-0.000000 0.000000 0.000000 -0.000000
0.000000 0.000000 0.000000 -0.000000
0.000000 -0.000000 -0.000000 0.000000
-0.000000 0.000000 0.000000 -0.000000
-5.199942 0.216067 -1.873821 -2.987095
-0.000000 0.000000 -0.000000 0.000000
0.000000 -0.000000 0.000000 -0.000000
0.000000 -0.000000 0.000000 -0.000000
0.000000 -0.000000 0.000000 -0.000000
-0.104933 0.979016 2.179493 0.723497
0.000000 -0.000000 0.000000 0.000000
-0.000000 0.000000 0.000000 -0.000000
-0.000000 -0.000000 -0.000000 -0.000000
0.000000 0.000000 0.000000 -0.000000
0.614729 2.172845 -0.870074 -0.830650
0.000000 0.000000 -0.000000 0.000000
0.000000 0.000000 0.000000 0.000000
0.000000 -0.000000 0.000000 -0.000000
-0.000000 0.000000 0.000000 -0.000000
0.439955 3.104270 -0.417822 -7.298721
-0.000000 0.000000 0.000000 0.000000
-0.000000 -0.000000 -0.000000 0.000000
0.000000 0.000000 0.000000 -0.000000
0.000000 0.000000 0.000000 -0.000000
-0.017769 -1.294257 -2.055233 0.023854
0.000000 0.000000 -0.000000 0.000000
-0.000000 0.000000 0.000000 0.000000
-0.000000 0.000000 0.000000 0.000000
-0.000000 0.000000 0.000000 0.000000
-2.947922 0.617880 -2.419693 -2.834287
0.000000 0.000000 0.000000 0.000000
-0.000000 -0.000000 -0.000000 -0.000000
0.000000 0.000000 0.000000 0.000000
0.000000 0.000000 0.000000 0.000000
-0.060731 2.462112 2.622666 0.332323
0.000000 -0.000000 -0.000000 -0.000000
-0.000000 -0.000000 -0.000000 0.000000
0.000000 0.000000 0.000000 0.000000
0.000000 0.000000 0.000000 0.000000
0.234126 -0.796764 -0.357953 0.956612
-0.000000 0.000000 0.000000 -0.000000
0.000000 0.000000 0.000000 0.000000
0.000000 -0.000000 0.000000 -0.000000
-0.000000 -0.000000 0.000000 0.000000
1.947827 -2.353380 0.338117 0.353291
0.000000 -0.000000 -0.000000 0.000000
-0.000000 0.000000 0.000000 -0.000000
0.000000 -0.000000 0.000000 0.000000
-0.000000 0.000000 -0.000000 -0.000000
-0.386869 1.391646 0.623074 0.444700
0.000000 0.000000 0.000000 0.000000
0.000000 0.000000 -0.000000 0.000000
0.000000 0.000000 0.000000 0.000000
0.000000 0.000000 0.000000 0.000000
3.888439 2.577834 2.209961 0.262634
0.000000 0.000000 0.000000 -0.000000
0.000000 0.000000 -0.000000 -0.000000
-0.000000 -0.000000 -0.000000 0.000000
-0.000000 -0.000000 -0.000000 -0.000000
-1.483053 1.202424 0.816090 1.192006
-0.000000 -0.000000 0.000000 -0.000000
-0.000000 0.000000 0.000000 0.000000
-0.000000 -0.000000 -0.000000 0.000000
-0.000000 0.000000 0.000000 0.000000
0.573978 0.399777 0.358060 -0.646540
0.000000 -0.000000 -0.000000 0.000000
0.000000 -0.000000 0.000000 0.000000
0.000000 -0.000000 -0.000000 -0.000000
0.000000 0.000000 -0.000000 -0.000000
-0.723595 -0.539782 0.698578 -0.319740
-0.000000 -0.000000 0.000000 -0.000000
-0.000000 -0.000000 0.000000 0.000000
0.000000 -0.000000 0.000000 -0.000000
0.000000 0.000000 0.000000 0.000000
0.207929 0.518158 0.177780 -0.375884
0.000000 -0.000000 -0.000000 -0.000000
-0.000000 0.000000 -0.000000 -0.000000
-0.000000 -0.000000 -0.000000 0.000000
0.000000 -0.000000 -0.000000 0.000000
1.062297 -0.077887 -0.462380 -0.773315
0.000000 -0.000000 0.000000 0.000000
-0.000000 0.000000 -0.000000 -0.000000
0.000000 -0.000000 0.000000 -0.000000
0.000000 -0.000000 0.000000 -0.000000
-1.725746 -0.643888 0.520915 0.518254
-0.000000 -0.000000 0.000000 -0.000000
-0.000000 -0.000000 0.000000 0.000000
-0.000000 -0.000000 0.000000 0.000000
0.000000 0.000000 0.000000 0.000000
-0.300938 -0.393128 -0.858711 -2.322922
-0.000000 0.000000 -0.000000 0.000000
0.000000 -0.000000 -0.000000 -0.000000
-0.000000 0.000000 -0.000000 0.000000
-0.000000 -0.000000 -0.000000 0.000000
7.479107 4.444990 1.172450 0.105399
0.000000 0.000000 0.000000 0.000000
0.000000 0.000000 0.000000 0.000000
0.000000 0.000000 0.000000 0.000000
-0.000000 -0.000000 -0.000000 0.000000
12.257740 -7.617361 0.502473 -0.610371
-0.000000 0.000000 -0.000000 0.000000
-0.000000 0.000000 -0.000000 0.000000
-0.000000 0.000000 -0.000000 0.000000
-0.000000 0.000000 -0.000000 0.000000
2.325865 -0.632810 -0.077286 -0.239476
0.000000 0.000000 0.000000 0.000000
0.000000 -0.000000 0.000000 -0.000000
-0.000000 -0.000000 -0.000000 -0.000000
0.000000 0.000000 0.000000 0.000000
1.206699 -2.291057 -4.311823 0.461249
0.000000 0.000000 0.000000 0.000000
-0.000000 -0.000000 0.000000 -0.000000
0.000000 0.000000 0.000000 0.000000
0.000000 0.000000 0.000000 0.000000
0.529296 -0.785977 0.789513 0.354230
-0.000000 0.000000 -0.000000 -0.000000
0.000000 -0.000000 0.000000 -0.000000
-0.000000 -0.000000 0.000000 0.000000
0.000000 -0.000000 0.000000 0.000000
0.106320 0.702566 0.918778 -0.926315
-0.000000 -0.000000 -0.000000 0.000000
0.000000 -0.000000 0.000000 0.000000
-0.000000 0.000000 0.000000 -0.000000
0.000000 0.000000 -0.000000 -0.000000
0.106898 0.993549 2.393481 1.167499
-0.000000 0.000000 -0.000000 -0.000000
-0.000000 -0.000000 -0.000000 -0.000000
0.000000 -0.000000 -0.000000 -0.000000
-0.000000 -0.000000 0.000000 0.000000
0.088236 0.421734 -2.104581 -3.486948
-0.000000 0.000000 0.000000 0.000000
-0.000000 0.000000 -0.000000 -0.000000
-0.000000 0.000000 -0.000000 -0.000000
0.000000 -0.000000 0.000000 -0.000000
-0.099502 -2.575148 0.698371 0.941892
0.000000 -0.000000 -0.000000 0.000000
0.000000 -0.000000 -0.000000 -0.000000
-0.000000 -0.000000 0.000000 0.000000
-0.000000 -0.000000 -0.000000 0.000000
0.844060 0.642004 0.181350 -0.394429
-0.000000 -0.000000 0.000000 0.000000
0.000000 0.000000 -0.000000 -0.000000
0.000000 0.000000 0.000000 -0.000000
0.000000 -0.000000 -0.000000 0.000000
2.801700 -0.091901 9.427259 -4.155443
-0.000000 -0.000000 0.000000 -0.000000
-0.000000 -0.000000 0.000000 0.000000
-0.000000 -0.000000 0.000000 -0.000000
0.000000 0.000000 -0.000000 0.000000
2.792805 0.795510 2.588808 0.863716
0.000000 -0.000000 -0.000000 -0.000000
0.000000 -0.000000 -0.000000 -0.000000
0.000000 -0.000000 -0.000000 -0.000000
0.000000 0.000000 -0.000000 0.000000
0.804863 -1.823240 -0.308781 0.197203
0.000000 0.000000 -0.000000 -0.000000
0.000000 -0.000000 0.000000 0.000000
-0.000000 -0.000000 0.000000 0.000000
0.000000 -0.000000 0.000000 0.000000
