-0.937996 -2.097537 0.338604 -0.393089
0.000000 -0.000000 0.000000 -0.000000
-0.000000 0.000000 0.000000 -0.000000
0.000000 -0.000000 -0.000000 -0.000000
-0.000000 0.000000 0.000000 0.000000
-2.188869 1.602887 0.534850 0.579378
0.000000 -0.000000 -0.000000 -0.000000
-0.000000 0.000000 0.000000 0.000000
0.000000 -0.000000 0.000000 0.000000
0.000000 -0.000000 -0.000000 -0.000000
-0.496613 0.851566 1.075681 1.542294
-0.000000 -0.000000 0.000000 0.000000
0.000000 0.000000 -0.000000 -0.000000
-0.000000 0.000000 0.000000 -0.000000
-0.000000 0.000000 -0.000000 -0.000000
-1.016770 -0.189687 1.094503 -0.304425
0.000000 0.000000 0.000000 -0.000000
0.000000 0.000000 -0.000000 -0.000000
0.000000 -0.000000 -0.000000 0.000000
-0.000000 -0.000000 -0.000000 0.000000
-0.116149 -2.543044 -1.083683 2.528170
-0.000000 0.000000 -0.000000 0.000000
0.000000 -0.000000 0.000000 0.000000
-0.000000 0.000000 0.000000 -0.000000
0.000000 -0.000000 -0.000000 0.000000
-1.429872 0.023923 0.371913 -1.309561
0.000000 0.000000 0.000000 -0.000000
-0.000000 0.000000 -0.000000 0.000000
-0.000000 0.000000 0.000000 0.000000
0.000000 -0.000000 -0.000000 -0.000000
-1.898584 -0.460574 -0.072283 -0.992976
0.000000 0.000000 -0.000000 0.000000
-0.000000 -0.000000 0.000000 -0.000000
0.000000 0.000000 -0.000000 0.000000
0.000000 0.000000 0.000000 0.000000
-0.140056 0.799062 -0.754683 0.177401
0.000000 -0.000000 -0.000000 0.000000
-0.000000 0.000000 -0.000000 -0.000000
0.000000 0.000000 0.000000 0.000000
0.000000 -0.000000 0.000000 -0.000000
0.775061 -1.207841 -0.382743 -0.875918
-0.000000 -0.000000 -0.000000 -0.000000
0.000000 0.000000 0.000000 0.000000
-0.000000 0.000000 -0.000000 -0.000000
-0.000000 -0.000000 0.000000 -0.000000
-125.075383 238.679480 112.388241 -187.349630
-0.000000 -0.000000 0.000000 -0.000000
0.000000 0.000000 -0.000000 0.000000
0.000000 0.000000 -0.000000 0.000000
-0.000000 -0.000000 0.000000 -0.000000
-0.080028 0.469208 -1.664581 -1.710194
0.000000 -0.000000 -0.000000 -0.000000
0.000000 0.000000 0.000000 0.000000
-0.000000 -0.000000 0.000000 -0.000000
-0.000000 0.000000 -0.000000 -0.000000
-0.760815 -0.694388 -0.017871 0.148685
0.000000 -0.000000 0.000000 -0.000000
0.000000 -0.000000 0.000000 -0.000000
-0.000000 -0.000000 0.000000 0.000000
-0.000000 -0.000000 0.000000 -0.000000
1.541898 -0.805453 2.492587 -0.173384
-0.000000 0.000000 -0.000000 0.000000
-0.000000 0.000000 -0.000000 0.000000
0.000000 0.000000 0.000000 -0.000000
0.000000 -0.000000 0.000000 -0.000000
14.006196 0.417823 8.730542 -9.137361
0.000000 -0.000000 -0.000000 -0.000000
0.000000 0.000000 -0.000000 -0.000000
0.000000 -0.000000 -0.000000 -0.000000
-0.000000 0.000000 0.000000 0.000000
0.395044 1.216828 -0.984313 0.699741
0.000000 -0.000000 -0.000000 0.000000
-0.000000 -0.000000 0.000000 -0.000000
-0.000000 -0.000000 0.000000 -0.000000
0.000000 0.000000 -0.000000 0.000000
12.059144 0.527384 -0.454136 5.835525
0.000000 0.000000 -0.000000 0.000000
-0.000000 0.000000 -0.000000 -0.000000
0.000000 -0.000000 0.000000 0.000000
-0.000000 -0.000000 0.000000 -0.000000
18.210768 -3.230210 11.853330 5.994215
0.000000 -0.000000 0.000000 -0.000000
0.000000 -0.000000 0.000000 -0.000000
0.000000 -0.000000 0.000000 -0.000000
0.000000 -0.000000 0.000000 -0.000000
-1.171939 -0.288629 -0.372413 1.324773
0.000000 -0.000000 0.000000 -0.000000
-0.000000 -0.000000 0.000000 0.000000
0.000000 0.000000 0.000000 -0.000000
0.000000 -0.000000 0.000000 0.000000
-2.514043 1.604788 1.111502 -0.142854
-0.000000 -0.000000 -0.000000 -0.000000
0.000000 -0.000000 -0.000000 0.000000
-0.000000 -0.000000 -0.000000 0.000000
-0.000000 0.000000 -0.000000 0.000000
4.019799 -1.819673 1.161754 0.423768
0.000000 -0.000000 0.000000 -0.000000
0.000000 -0.000000 0.000000 -0.000000
-0.000000 0.000000 -0.000000 0.000000
0.000000 -0.000000 0.000000 -0.000000
-4.116132 -8.139656 -2.908927 4.278969
-0.000000 -0.000000 -0.000000 -0.000000
-0.000000 -0.000000 -0.000000 -0.000000
0.000000 0.000000 0.000000 0.000000
0.000000 0.000000 0.000000 0.000000
36.523552 22.400999 12.547455 -2.516602
0.000000 0.000000 0.000000 -0.000000
0.000000 0.000000 0.000000 -0.000000
-0.000000 0.000000 0.000000 -0.000000
0.000000 0.000000 -0.000000 -0.000000
-12.081562 45.984155 22.526021 55.701334
0.000000 -0.000000 0.000000 0.000000
0.000000 -0.000000 0.000000 0.000000
0.000000 -0.000000 0.000000 0.000000
0.000000 -0.000000 0.000000 0.000000
1.285179 1.377033 1.127873 1.321545
-0.000000 0.000000 0.000000 -0.000000
-0.000000 0.000000 0.000000 -0.000000
-0.000000 0.000000 -0.000000 -0.000000
0.000000 0.000000 -0.000000 -0.000000
0.394229 -0.660203 0.311595 0.302411
0.000000 -0.000000 0.000000 -0.000000
0.000000 0.000000 0.000000 -0.000000
0.000000 -0.000000 0.000000 0.000000
-0.000000 0.000000 -0.000000 0.000000
-0.979439 0.523530 0.618213 1.529535
-0.000000 0.000000 0.000000 0.000000
-0.000000 0.000000 -0.000000 0.000000
-0.000000 -0.000000 0.000000 -0.000000
0.000000 0.000000 0.000000 -0.000000
-0.732974 3.966888 -5.258060 1.861491
-0.000000 -0.000000 -0.000000 -0.000000
0.000000 0.000000 -0.000000 0.000000
0.000000 0.000000 -0.000000 0.000000
0.000000 -0.000000 0.000000 -0.000000
-0.333258 -0.635271 0.680737 -0.933432
0.000000 -0.000000 0.000000 -0.000000
0.000000 -0.000000 0.000000 0.000000
0.000000 0.000000 0.000000 0.000000
0.000000 -0.000000 -0.000000 -0.000000
-0.106515 -0.640476 1.409025 -0.458209
-0.000000 0.000000 -0.000000 0.000000
-0.000000 -0.000000 0.000000 -0.000000
0.000000 -0.000000 -0.000000 -0.000000
-0.000000 -0.000000 0.000000 -0.000000
2.186564 14.552514 -4.293205 2.344972
0.000000 -0.000000 0.000000 -0.000000
0.000000 -0.000000 0.000000 -0.000000
0.000000 -0.000000 0.000000 0.000000
0.000000 -0.000000 0.000000 0.000000
0.841203 -0.940097 -0.890262 1.365483
0.000000 0.000000 0.000000 -0.000000
-0.000000 -0.000000 -0.000000 0.000000
-0.000000 -0.000000 -0.000000 0.000000
-0.000000 0.000000 -0.000000 -0.000000
1.140857 -2.946609 -1.959402 -3.220811
0.000000 -0.000000 -0.000000 -0.000000
0.000000 0.000000 0.000000 0.000000
0.000000 0.000000 0.000000 0.000000
0.000000 0.000000 0.000000 0.000000
-0.193480 -0.199583 1.010404 -1.261648
0.000000 -0.000000 0.000000 -0.000000
0.000000 -0.000000 0.000000 -0.000000
0.000000 0.000000 0.000000 -0.000000
-0.000000 0.000000 -0.000000 -0.000000
4.917649 -7.445831 1.042199 0.266952
0.000000 0.000000 0.000000 0.000000
-0.000000 -0.000000 -0.000000 -0.000000
0.000000 -0.000000 0.000000 0.000000
-0.000000 -0.000000 0.000000 -0.000000
0.426053 0.650649 -1.468203 -0.214423
-0.000000 0.000000 -0.000000 -0.000000
-0.000000 0.000000 -0.000000 -0.000000
-0.000000 0.000000 0.000000 0.000000
-0.000000 -0.000000 0.000000 0.000000
-0.447896 0.014050 -0.604510 0.700034
-0.000000 -0.000000 -0.000000 0.000000
0.000000 -0.000000 0.000000 0.000000
0.000000 -0.000000 -0.000000 0.000000
-0.000000 -0.000000 0.000000 -0.000000
-20.539126 -17.993822 1.402933 15.388306
0.000000 -0.000000 -0.000000 -0.000000
0.000000 -0.000000 -0.000000 -0.000000
-0.000000 0.000000 0.000000 0.000000
-0.000000 0.000000 0.000000 0.000000
-13.977255 18.384143 7.862856 0.958694
0.000000 0.000000 -0.000000 -0.000000
-0.000000 -0.000000 0.000000 0.000000
-0.000000 -0.000000 0.000000 0.000000
-0.000000 -0.000000 0.000000 0.000000
-0.270946 0.039360 1.082556 0.394359
-0.000000 -0.000000 -0.000000 0.000000
-0.000000 -0.000000 0.000000 -0.000000
0.000000 0.000000 -0.000000 -0.000000
0.000000 0.000000 -0.000000 0.000000
1.427559 3.331526 -0.679761 -2.122963
-0.000000 -0.000000 0.000000 0.000000
-0.000000 -0.000000 -0.000000 0.000000
-0.000000 0.000000 0.000000 0.000000
0.000000 0.000000 0.000000 -0.000000
5.836503 17.732750 -20.085871 -3.076192
-0.000000 0.000000 0.000000 -0.000000
-0.000000 0.000000 -0.000000 -0.000000
0.000000 -0.000000 -0.000000 0.000000
-0.000000 0.000000 0.000000 -0.000000
-0.400590 0.221185 1.094058 0.996011
0.000000 -0.000000 -0.000000 0.000000
0.000000 -0.000000 -0.000000 -0.000000
-0.000000 0.000000 0.000000 -0.000000
0.000000 -0.000000 0.000000 0.000000
-0.300695 0.001842 -0.773627 1.242751
0.000000 -0.000000 -0.000000 0.000000
-0.000000 0.000000 0.000000 0.000000
0.000000 0.000000 -0.000000 0.000000
-0.000000 -0.000000 0.000000 -0.000000
5.850088 -0.742568 0.960327 3.275011
0.000000 -0.000000 0.000000 0.000000
-0.000000 -0.000000 -0.000000 -0.000000
0.000000 0.000000 -0.000000 -0.000000
0.000000 -0.000000 0.000000 0.000000
0.951303 -2.583164 -5.469632 3.409629
0.000000 0.000000 -0.000000 0.000000
0.000000 -0.000000 -0.000000 0.000000
0.000000 -0.000000 -0.000000 0.000000
0.000000 0.000000 0.000000 -0.000000
-0.720662 -0.275144 0.812962 1.204280
-0.000000 0.000000 -0.000000 -0.000000
0.000000 -0.000000 -0.000000 -0.000000
0.000000 0.000000 -0.000000 0.000000
-0.000000 -0.000000 -0.000000 0.000000
-39.383177 -37.687464 -52.047419 19.122294
-0.000000 0.000000 -0.000000 0.000000
0.000000 0.000000 -0.000000 0.000000
-0.000000 0.000000 -0.000000 0.000000
0.000000 -0.000000 0.000000 -0.000000
-4.461505 -0.725144 2.502193 0.584632
0.000000 -0.000000 -0.000000 -0.000000
0.000000 -0.000000 0.000000 0.000000
-0.000000 -0.000000 -0.000000 -0.000000
-0.000000 -0.000000 0.000000 0.000000
-0.625119 0.492469 1.998690 3.914590
-0.000000 0.000000 0.000000 0.000000
0.000000 -0.000000 -0.000000 -0.000000
-0.000000 0.000000 0.000000 0.000000
0.000000 -0.000000 -0.000000 -0.000000
-0.092173 0.339867 -0.040509 -0.880582
-0.000000 0.000000 -0.000000 -0.000000
0.000000 -0.000000 0.000000 -0.000000
-0.000000 -0.000000 -0.000000 -0.000000
0.000000 0.000000 -0.000000 -0.000000
