-2.720962 -4.973233 -3.366993 -4.488742
-0.000000 0.000000 -0.000000 0.000000
-0.000000 0.000000 -0.000000 0.000000
0.000000 0.000000 -0.000000 0.000000
0.000000 0.000000 -0.000000 0.000000
1.678621 0.455307 -1.173252 0.663372
0.000000 0.000000 -0.000000 0.000000
0.000000 -0.000000 -0.000000 -0.000000
-0.000000 -0.000000 0.000000 0.000000
-0.000000 0.000000 -0.000000 0.000000
-1.578926 -1.004399 -2.415065 -0.032032
0.000000 -0.000000 -0.000000 0.000000
0.000000 -0.000000 -0.000000 -0.000000
-0.000000 0.000000 -0.000000 0.000000
-0.000000 -0.000000 -0.000000 -0.000000
-4.482673 9.632866 22.293849 -20.654481
-0.000000 0.000000 -0.000000 0.000000
0.000000 -0.000000 0.000000 -0.000000
0.000000 -0.000000 0.000000 -0.000000
-0.000000 0.000000 -0.000000 0.000000
-1.140818 -2.474070 -0.503978 -0.970454
-0.000000 0.000000 0.000000 0.000000
-0.000000 0.000000 0.000000 0.000000
-0.000000 -0.000000 -0.000000 0.000000
-0.000000 0.000000 0.000000 0.000000
-0.074679 1.790300 3.864882 2.280338
0.000000 -0.000000 -0.000000 -0.000000
0.000000 0.000000 0.000000 0.000000
-0.000000 -0.000000 -0.000000 0.000000
0.000000 0.000000 0.000000 -0.000000
5.151576 -0.715267 -0.131331 -1.857092
-0.000000 -0.000000 0.000000 -0.000000
0.000000 0.000000 0.000000 0.000000
-0.000000 -0.000000 0.000000 -0.000000
0.000000 0.000000 0.000000 0.000000
-1.515524 3.302954 2.758950 2.297328
0.000000 0.000000 -0.000000 -0.000000
-0.000000 -0.000000 0.000000 0.000000
-0.000000 -0.000000 0.000000 0.000000
0.000000 -0.000000 -0.000000 -0.000000
2.007465 -5.227896 3.296523 -14.096634
-0.000000 -0.000000 0.000000 -0.000000
0.000000 0.000000 -0.000000 0.000000
0.000000 0.000000 0.000000 0.000000
-0.000000 -0.000000 0.000000 -0.000000
-1.059854 -0.048638 -0.082439 -0.874895
-0.000000 0.000000 -0.000000 -0.000000
0.000000 0.000000 0.000000 0.000000
-0.000000 -0.000000 0.000000 -0.000000
0.000000 0.000000 -0.000000 -0.000000
-14.710618 -3.022301 -10.678994 15.913111
0.000000 0.000000 0.000000 -0.000000
-0.000000 -0.000000 -0.000000 0.000000
-0.000000 -0.000000 -0.000000 0.000000
0.000000 0.000000 0.000000 -0.000000
-20.175926 21.214738 -32.399690 -15.796283
-0.000000 0.000000 -0.000000 -0.000000
0.000000 -0.000000 0.000000 0.000000
0.000000 -0.000000 0.000000 0.000000
0.000000 -0.000000 0.000000 0.000000
-0.230437 -0.357872 -1.592092 -0.538553
0.000000 -0.000000 -0.000000 0.000000
-0.000000 -0.000000 0.000000 -0.000000
0.000000 0.000000 0.000000 0.000000
-0.000000 0.000000 0.000000 0.000000
0.927181 0.347752 -0.054812 1.054673
-0.000000 -0.000000 0.000000 -0.000000
0.000000 -0.000000 -0.000000 0.000000
0.000000 0.000000 -0.000000 -0.000000
0.000000 -0.000000 -0.000000 0.000000
4.337475 4.436721 7.323569 -2.148163
0.000000 0.000000 0.000000 -0.000000
0.000000 0.000000 0.000000 -0.000000
0.000000 0.000000 0.000000 -0.000000
0.000000 0.000000 0.000000 -0.000000
2.234656 -2.736623 1.787884 0.573080
-0.000000 -0.000000 0.000000 -0.000000
0.000000 0.000000 -0.000000 -0.000000
0.000000 0.000000 -0.000000 0.000000
-0.000000 0.000000 -0.000000 0.000000
0.009139 1.193189 -2.278548 -1.003149
-0.000000 0.000000 -0.000000 0.000000
0.000000 -0.000000 0.000000 -0.000000
-0.000000 0.000000 -0.000000 0.000000
0.000000 -0.000000 0.000000 -0.000000
-0.415323 -11.151901 -3.748896 1.371332
-0.000000 -0.000000 -0.000000 -0.000000
-0.000000 -0.000000 -0.000000 0.000000
-0.000000 -0.000000 -0.000000 0.000000
0.000000 0.000000 0.000000 -0.000000
-1.064998 -0.263363 13.682776 1.436374
-0.000000 0.000000 0.000000 -0.000000
-0.000000 0.000000 0.000000 -0.000000
0.000000 -0.000000 -0.000000 0.000000
-0.000000 0.000000 0.000000 -0.000000
-0.604097 1.295443 0.929031 -0.148605
0.000000 -0.000000 0.000000 -0.000000
0.000000 0.000000 0.000000 0.000000
0.000000 0.000000 -0.000000 0.000000
0.000000 -0.000000 -0.000000 -0.000000
-1.149604 1.511432 0.602846 -0.693070
-0.000000 -0.000000 -0.000000 -0.000000
0.000000 -0.000000 -0.000000 -0.000000
-0.000000 -0.000000 -0.000000 0.000000
0.000000 0.000000 0.000000 0.000000
1.026376 1.044066 0.627981 1.430519
0.000000 -0.000000 0.000000 -0.000000
-0.000000 -0.000000 -0.000000 -0.000000
0.000000 -0.000000 -0.000000 -0.000000
-0.000000 -0.000000 -0.000000 -0.000000
-0.707357 0.101817 1.458020 0.566896
-0.000000 -0.000000 -0.000000 0.000000
-0.000000 -0.000000 -0.000000 0.000000
0.000000 -0.000000 0.000000 0.000000
0.000000 -0.000000 0.000000 -0.000000
0.251787 -1.321801 2.580792 1.422750
-0.000000 0.000000 0.000000 0.000000
-0.000000 0.000000 0.000000 0.000000
0.000000 0.000000 -0.000000 -0.000000
0.000000 0.000000 -0.000000 -0.000000
0.746926 -1.654673 -1.537525 3.377411
-0.000000 0.000000 0.000000 0.000000
-0.000000 0.000000 0.000000 0.000000
-0.000000 -0.000000 0.000000 0.000000
0.000000 -0.000000 -0.000000 -0.000000
-0.295358 0.869598 0.499333 0.309172
-0.000000 -0.000000 -0.000000 -0.000000
0.000000 -0.000000 0.000000 -0.000000
-0.000000 -0.000000 -0.000000 -0.000000
-0.000000 0.000000 0.000000 -0.000000
-3.137914 -0.349049 -2.452058 1.206959
0.000000 -0.000000 -0.000000 0.000000
-0.000000 -0.000000 -0.000000 -0.000000
0.000000 -0.000000 -0.000000 0.000000
-0.000000 -0.000000 -0.000000 -0.000000
34.711993 15.422647 8.554623 -4.263258
0.000000 0.000000 0.000000 -0.000000
0.000000 0.000000 0.000000 -0.000000
0.000000 0.000000 0.000000 -0.000000
0.000000 0.000000 0.000000 -0.000000
-1.059410 1.380659 -0.302526 1.151162
0.000000 -0.000000 0.000000 -0.000000
0.000000 0.000000 -0.000000 0.000000
-0.000000 0.000000 -0.000000 0.000000
-0.000000 -0.000000 0.000000 -0.000000
-0.702567 1.077725 -0.932571 2.638833
0.000000 -0.000000 -0.000000 -0.000000
0.000000 0.000000 -0.000000 0.000000
0.000000 0.000000 -0.000000 0.000000
0.000000 0.000000 0.000000 0.000000
-1.661577 -0.934119 0.292781 1.509450
-0.000000 0.000000 0.000000 0.000000
-0.000000 -0.000000 0.000000 0.000000
0.000000 0.000000 -0.000000 0.000000
0.000000 0.000000 -0.000000 -0.000000
4.915759 -8.081617 11.614880 5.889916
0.000000 0.000000 -0.000000 0.000000
0.000000 0.000000 -0.000000 0.000000
-0.000000 -0.000000 0.000000 -0.000000
-0.000000 -0.000000 0.000000 -0.000000
-2.463022 6.587725 -4.956247 -1.581090
0.000000 -0.000000 0.000000 0.000000
-0.000000 0.000000 -0.000000 -0.000000
-0.000000 0.000000 -0.000000 -0.000000
-0.000000 0.000000 -0.000000 -0.000000
1.132812 -0.467115 1.266502 -0.915330
-0.000000 0.000000 -0.000000 0.000000
0.000000 0.000000 0.000000 -0.000000
0.000000 -0.000000 0.000000 -0.000000
0.000000 0.000000 0.000000 -0.000000
0.642515 0.207240 0.364174 0.278793
-0.000000 0.000000 -0.000000 -0.000000
-0.000000 0.000000 -0.000000 0.000000
0.000000 -0.000000 0.000000 0.000000
-0.000000 0.000000 -0.000000 -0.000000
-0.466324 0.104848 -0.125729 2.705357
-0.000000 -0.000000 0.000000 0.000000
0.000000 0.000000 0.000000 -0.000000
-0.000000 -0.000000 -0.000000 0.000000
0.000000 0.000000 -0.000000 -0.000000
1.586062 0.911284 -2.958216 -2.546872
-0.000000 -0.000000 0.000000 0.000000
0.000000 -0.000000 0.000000 0.000000
-0.000000 0.000000 -0.000000 -0.000000
0.000000 0.000000 0.000000 0.000000
0.215929 0.155864 -0.760941 -0.434159
-0.000000 0.000000 0.000000 0.000000
0.000000 0.000000 0.000000 0.000000
0.000000 -0.000000 0.000000 0.000000
0.000000 -0.000000 0.000000 0.000000
-1.076189 0.117464 -0.434443 -0.262343
0.000000 -0.000000 -0.000000 -0.000000
0.000000 -0.000000 0.000000 -0.000000
-0.000000 -0.000000 0.000000 -0.000000
0.000000 -0.000000 0.000000 0.000000
-0.215052 1.843010 0.600630 -1.104204
0.000000 0.000000 0.000000 0.000000
0.000000 0.000000 0.000000 -0.000000
-0.000000 0.000000 -0.000000 0.000000
0.000000 0.000000 0.000000 -0.000000
3.603871 -1.364666 -4.186327 -4.678927
0.000000 0.000000 -0.000000 -0.000000
-0.000000 -0.000000 0.000000 0.000000
-0.000000 0.000000 0.000000 0.000000
0.000000 -0.000000 0.000000 -0.000000
-0.287079 -1.301321 0.880474 -0.872103
0.000000 0.000000 0.000000 0.000000
0.000000 -0.000000 0.000000 -0.000000
0.000000 -0.000000 0.000000 -0.000000
0.000000 0.000000 0.000000 0.000000
-1.750545 -0.281292 1.259082 -1.294206
0.000000 -0.000000 0.000000 0.000000
-0.000000 -0.000000 0.000000 -0.000000
0.000000 -0.000000 -0.000000 -0.000000
0.000000 -0.000000 -0.000000 0.000000
-17.114402 -2.134953 5.772346 -0.543675
-0.000000 0.000000 -0.000000 0.000000
-0.000000 0.000000 -0.000000 0.000000
0.000000 -0.000000 0.000000 -0.000000
0.000000 -0.000000 0.000000 -0.000000
-0.731980 -0.055240 0.228475 -1.424419
0.000000 -0.000000 0.000000 0.000000
0.000000 0.000000 0.000000 -0.000000
0.000000 -0.000000 -0.000000 0.000000
0.000000 -0.000000 0.000000 0.000000
29.496349 29.560641 -53.296727 -148.195706
0.000000 0.000000 0.000000 -0.000000
0.000000 0.000000 0.000000 -0.000000
0.000000 0.000000 0.000000 -0.000000
-0.000000 -0.000000 -0.000000 0.000000
1.398585 0.626800 -0.055286 1.442351
0.000000 0.000000 0.000000 0.000000
-0.000000 0.000000 -0.000000 -0.000000
-0.000000 -0.000000 -0.000000 -0.000000
0.000000 0.000000 0.000000 0.000000
0.276913 2.828548 -0.051218 -2.274181
0.000000 -0.000000 0.000000 -0.000000
0.000000 0.000000 -0.000000 -0.000000
0.000000 -0.000000 0.000000 0.000000
0.000000 0.000000 0.000000 0.000000
1.740771 9.424651 2.293718 1.333598
-0.000000 0.000000 -0.000000 -0.000000
-0.000000 -0.000000 -0.000000 -0.000000
0.000000 -0.000000 -0.000000 -0.000000
-0.000000 -0.000000 -0.000000 -0.000000
0.665390 0.189632 0.547613 0.565442
-0.000000 0.000000 0.000000 -0.000000
0.000000 0.000000 0.000000 0.000000
0.000000 0.000000 0.000000 0.000000
0.000000 0.000000 0.000000 0.000000
