0.548943 0.448938 -0.528118 -0.485406
0.000000 -0.000000 -0.000000 0.000000
-0.000000 -0.000000 0.000000 0.000000
-0.000000 -0.000000 -0.000000 -0.000000
-0.000000 0.000000 0.000000 -0.000000
0.284676 0.484363 1.339116 -0.744520
-0.000000 -0.000000 -0.000000 0.000000
0.000000 0.000000 -0.000000 0.000000
-0.000000 0.000000 -0.000000 0.000000
0.000000 -0.000000 0.000000 -0.000000
-1.520466 -0.658970 0.882615 0.488025
-0.000000 -0.000000 0.000000 -0.000000
0.000000 0.000000 -0.000000 0.000000
-0.000000 -0.000000 0.000000 0.000000
-0.000000 -0.000000 -0.000000 -0.000000
0.312558 -8.034267 -2.483447 0.020815
0.000000 0.000000 0.000000 -0.000000
-0.000000 0.000000 -0.000000 0.000000
-0.000000 0.000000 -0.000000 -0.000000
0.000000 -0.000000 0.000000 -0.000000
2.717462 -10.085809 5.103760 -8.460064
-0.000000 -0.000000 0.000000 -0.000000
0.000000 0.000000 -0.000000 0.000000
-0.000000 -0.000000 0.000000 -0.000000
0.000000 0.000000 0.000000 0.000000
-6.697248 4.433642 -22.086450 3.098169
0.000000 0.000000 -0.000000 -0.000000
-0.000000 -0.000000 0.000000 0.000000
0.000000 0.000000 -0.000000 -0.000000
-0.000000 -0.000000 0.000000 0.000000
0.499691 -1.506013 -0.397097 1.084309
-0.000000 0.000000 0.000000 -0.000000
-0.000000 0.000000 0.000000 -0.000000
0.000000 -0.000000 0.000000 0.000000
-0.000000 0.000000 0.000000 -0.000000
1.404054 -2.148795 1.831352 1.708884
-0.000000 0.000000 -0.000000 0.000000
0.000000 -0.000000 0.000000 -0.000000
-0.000000 -0.000000 0.000000 -0.000000
-0.000000 -0.000000 0.000000 -0.000000
-0.276419 0.249083 0.874220 -0.602093
-0.000000 -0.000000 0.000000 -0.000000
0.000000 0.000000 0.000000 -0.000000
0.000000 -0.000000 -0.000000 -0.000000
-0.000000 -0.000000 0.000000 -0.000000
-8.116251 0.543949 3.390778 -0.522546
-0.000000 -0.000000 0.000000 0.000000
-0.000000 -0.000000 0.000000 0.000000
-0.000000 -0.000000 0.000000 0.000000
-0.000000 -0.000000 0.000000 0.000000
0.209422 0.108959 0.234207 -0.115787
0.000000 0.000000 -0.000000 0.000000
0.000000 -0.000000 -0.000000 -0.000000
0.000000 0.000000 0.000000 -0.000000
-0.000000 0.000000 -0.000000 -0.000000
-3.205201 4.947400 -6.278434 2.520530
0.000000 0.000000 -0.000000 0.000000
-0.000000 -0.000000 0.000000 -0.000000
0.000000 0.000000 -0.000000 0.000000
0.000000 0.000000 -0.000000 -0.000000
3.204503 0.161991 -2.399930 -2.061190
0.000000 -0.000000 -0.000000 -0.000000
0.000000 0.000000 -0.000000 -0.000000
0.000000 0.000000 0.000000 0.000000
-0.000000 0.000000 0.000000 0.000000
0.449855 -2.678061 1.221787 -0.487696
0.000000 -0.000000 -0.000000 0.000000
0.000000 0.000000 -0.000000 0.000000
0.000000 0.000000 -0.000000 0.000000
0.000000 0.000000 -0.000000 -0.000000
6.751645 -0.773184 -3.603167 10.487170
-0.000000 -0.000000 0.000000 -0.000000
0.000000 -0.000000 -0.000000 0.000000
-0.000000 0.000000 0.000000 -0.000000
-0.000000 -0.000000 0.000000 -0.000000
-0.419108 0.145423 -0.473328 -1.680184
-0.000000 0.000000 -0.000000 -0.000000
0.000000 -0.000000 -0.000000 0.000000
-0.000000 -0.000000 0.000000 -0.000000
-0.000000 -0.000000 0.000000 -0.000000
0.121393 -1.064715 0.641893 0.121616
0.000000 0.000000 -0.000000 0.000000
0.000000 0.000000 -0.000000 0.000000
-0.000000 -0.000000 0.000000 -0.000000
0.000000 -0.000000 -0.000000 -0.000000
0.777475 2.218478 0.137823 -0.769197
0.000000 0.000000 0.000000 -0.000000
-0.000000 -0.000000 -0.000000 -0.000000
0.000000 -0.000000 -0.000000 -0.000000
0.000000 -0.000000 0.000000 0.000000
-3.327583 -3.067252 1.215699 0.288845
0.000000 0.000000 -0.000000 -0.000000
0.000000 0.000000 -0.000000 -0.000000
0.000000 0.000000 0.000000 0.000000
-0.000000 -0.000000 0.000000 0.000000
1.996142 4.321998 -2.553972 -1.771711
-0.000000 -0.000000 0.000000 -0.000000
-0.000000 -0.000000 0.000000 -0.000000
0.000000 0.000000 -0.000000 -0.000000
0.000000 0.000000 -0.000000 0.000000
-5.297228 -4.394737 -5.055254 3.028077
0.000000 0.000000 0.000000 -0.000000
0.000000 0.000000 0.000000 0.000000
0.000000 0.000000 0.000000 -0.000000
0.000000 0.000000 0.000000 -0.000000
0.345461 1.195017 -0.520495 -0.071225
0.000000 0.000000 -0.000000 -0.000000
-0.000000 0.000000 0.000000 -0.000000
-0.000000 -0.000000 0.000000 0.000000
-0.000000 -0.000000 0.000000 0.000000
-0.619057 2.246589 -3.109008 -0.037178
0.000000 0.000000 -0.000000 -0.000000
0.000000 -0.000000 0.000000 -0.000000
0.000000 0.000000 -0.000000 -0.000000
-0.000000 0.000000 0.000000 -0.000000
-0.081371 -0.272995 -0.619887 0.357532
0.000000 -0.000000 0.000000 -0.000000
-0.000000 0.000000 0.000000 0.000000
0.000000 -0.000000 0.000000 -0.000000
0.000000 0.000000 -0.000000 0.000000
-0.149710 0.249473 0.297435 -0.893623
-0.000000 0.000000 -0.000000 -0.000000
-0.000000 0.000000 0.000000 -0.000000
-0.000000 0.000000 0.000000 0.000000
0.000000 -0.000000 -0.000000 0.000000
-1.353622 0.405485 0.570115 0.555734
-0.000000 -0.000000 -0.000000 0.000000
-0.000000 0.000000 0.000000 -0.000000
-0.000000 -0.000000 0.000000 0.000000
-0.000000 -0.000000 0.000000 0.000000
-0.040026 -0.010741 -0.477424 0.181173
-0.000000 0.000000 -0.000000 -0.000000
-0.000000 -0.000000 0.000000 -0.000000
0.000000 0.000000 0.000000 -0.000000
0.000000 0.000000 0.000000 0.000000
0.122344 -0.913753 -0.856581 1.337034
-0.000000 0.000000 0.000000 -0.000000
-0.000000 -0.000000 0.000000 0.000000
-0.000000 -0.000000 -0.000000 0.000000
0.000000 -0.000000 -0.000000 -0.000000
0.243627 -0.701068 -1.256873 -0.570270
0.000000 0.000000 -0.000000 0.000000
-0.000000 0.000000 -0.000000 -0.000000
0.000000 -0.000000 -0.000000 0.000000
-0.000000 0.000000 -0.000000 0.000000
-3.300439 -3.388008 0.169083 2.969420
-0.000000 -0.000000 0.000000 -0.000000
-0.000000 -0.000000 0.000000 -0.000000
-0.000000 0.000000 0.000000 -0.000000
0.000000 0.000000 -0.000000 -0.000000
0.329782 0.534184 -0.393942 0.781157
0.000000 -0.000000 0.000000 -0.000000
-0.000000 0.000000 -0.000000 -0.000000
0.000000 -0.000000 -0.000000 0.000000
0.000000 0.000000 -0.000000 -0.000000
0.246590 -0.693548 -0.648131 -0.603195
0.000000 0.000000 0.000000 -0.000000
0.000000 -0.000000 0.000000 -0.000000
0.000000 -0.000000 -0.000000 0.000000
0.000000 0.000000 0.000000 0.000000
-0.067432 0.059001 0.994953 5.723080
0.000000 -0.000000 -0.000000 -0.000000
-0.000000 0.000000 -0.000000 0.000000
-0.000000 0.000000 -0.000000 -0.000000
0.000000 -0.000000 0.000000 -0.000000
1.490732 -1.541740 2.640787 0.816488
-0.000000 0.000000 -0.000000 -0.000000
-0.000000 0.000000 -0.000000 -0.000000
-0.000000 -0.000000 0.000000 0.000000
0.000000 -0.000000 0.000000 0.000000
0.219961 -0.662274 -1.493083 1.384084
-0.000000 0.000000 0.000000 -0.000000
0.000000 0.000000 -0.000000 -0.000000
0.000000 0.000000 -0.000000 -0.000000
-0.000000 -0.000000 -0.000000 0.000000
-0.420834 -1.101819 -0.307092 -0.470441
-0.000000 -0.000000 0.000000 -0.000000
0.000000 0.000000 0.000000 0.000000
0.000000 -0.000000 0.000000 -0.000000
0.000000 -0.000000 -0.000000 -0.000000
-1.147590 0.916894 0.833670 1.777860
-0.000000 0.000000 0.000000 0.000000
0.000000 -0.000000 -0.000000 -0.000000
-0.000000 0.000000 -0.000000 0.000000
-0.000000 -0.000000 -0.000000 -0.000000
-0.286559 -1.604067 0.337645 0.600247
0.000000 -0.000000 -0.000000 -0.000000
0.000000 0.000000 -0.000000 -0.000000
0.000000 -0.000000 0.000000 0.000000
0.000000 -0.000000 -0.000000 0.000000
-1.523853 1.363864 4.983423 -1.949815
0.000000 -0.000000 -0.000000 0.000000
-0.000000 0.000000 0.000000 -0.000000
-0.000000 0.000000 0.000000 -0.000000
-0.000000 0.000000 0.000000 -0.000000
-1.386406 7.747310 -7.221156 -4.587524
-0.000000 0.000000 -0.000000 0.000000
-0.000000 -0.000000 0.000000 0.000000
0.000000 0.000000 -0.000000 -0.000000
-0.000000 0.000000 -0.000000 0.000000
-1.239258 2.399456 0.372160 1.881031
0.000000 0.000000 -0.000000 -0.000000
0.000000 0.000000 -0.000000 -0.000000
-0.000000 -0.000000 0.000000 0.000000
-0.000000 0.000000 0.000000 0.000000
3.523212 -3.567403 -0.913349 -13.508581
0.000000 -0.000000 -0.000000 -0.000000
-0.000000 0.000000 0.000000 0.000000
-0.000000 0.000000 0.000000 0.000000
0.000000 -0.000000 -0.000000 -0.000000
-12.765386 -11.576751 2.564227 -4.485619
-0.000000 -0.000000 0.000000 -0.000000
-0.000000 -0.000000 0.000000 -0.000000
-0.000000 -0.000000 0.000000 -0.000000
0.000000 0.000000 -0.000000 0.000000
0.956613 -1.101288 3.092233 0.686527
-0.000000 0.000000 -0.000000 0.000000
0.000000 0.000000 0.000000 -0.000000
-0.000000 0.000000 -0.000000 0.000000
-0.000000 0.000000 -0.000000 0.000000
-6.078900 -4.708607 -8.831584 9.034142
-0.000000 -0.000000 0.000000 -0.000000
-0.000000 -0.000000 -0.000000 -0.000000
-0.000000 -0.000000 -0.000000 -0.000000
0.000000 0.000000 0.000000 0.000000
0.852773 -0.290822 0.683401 -1.031004
-0.000000 -0.000000 -0.000000 0.000000
-0.000000 -0.000000 0.000000 -0.000000
-0.000000 0.000000 -0.000000 0.000000
0.000000 -0.000000 0.000000 -0.000000
-5.241826 1.296131 1.570921 -2.130336
-0.000000 -0.000000 -0.000000 -0.000000
-0.000000 -0.000000 -0.000000 -0.000000
-0.000000 -0.000000 -0.000000 0.000000
0.000000 -0.000000 0.000000 0.000000
0.974626 -1.142642 -2.097275 0.758486
-0.000000 0.000000 0.000000 -0.000000
-0.000000 0.000000 0.000000 -0.000000
-0.000000 0.000000 0.000000 -0.000000
0.000000 -0.000000 -0.000000 0.000000
-2.012706 -0.178746 0.696764 -0.339676
0.000000 -0.000000 0.000000 -0.000000
-0.000000 -0.000000 -0.000000 -0.000000
0.000000 -0.000000 -0.000000 0.000000
0.000000 -0.000000 0.000000 -0.000000
-0.861301 31.967334 -21.063599 27.260189
0.000000 -0.000000 0.000000 -0.000000
0.000000 0.000000 -0.000000 0.000000
-0.000000 -0.000000 0.000000 -0.000000
0.000000 0.000000 -0.000000 0.000000
