-0.574013 -0.668978 -0.947045 1.885084
-0.000000 0.000000 -0.000000 -0.000000
-0.000000 -0.000000 0.000000 -0.000000
-0.000000 -0.000000 -0.000000 -0.000000
0.000000 -0.000000 0.000000 0.000000
0.722724 0.143325 1.927154 1.566753
-0.000000 0.000000 -0.000000 0.000000
-0.000000 -0.000000 0.000000 0.000000
0.000000 -0.000000 -0.000000 0.000000
0.000000 0.000000 0.000000 0.000000
1.396543 -1.259703 3.240533 -0.193554
0.000000 0.000000 -0.000000 -0.000000
-0.000000 0.000000 0.000000 -0.000000
0.000000 -0.000000 -0.000000 -0.000000
-0.000000 0.000000 -0.000000 -0.000000
-0.699707 -3.490704 5.358103 0.604008
0.000000 0.000000 -0.000000 -0.000000
0.000000 -0.000000 -0.000000 -0.000000
-0.000000 0.000000 0.000000 0.000000
0.000000 -0.000000 -0.000000 -0.000000
-3.029866 -0.422998 -0.494787 -0.782160
0.000000 -0.000000 0.000000 0.000000
0.000000 0.000000 -0.000000 0.000000
-0.000000 0.000000 0.000000 -0.000000
0.000000 -0.000000 0.000000 0.000000
-6.086222 -11.592031 15.115496 -2.821837
-0.000000 -0.000000 0.000000 -0.000000
0.000000 -0.000000 0.000000 -0.000000
0.000000 0.000000 -0.000000 0.000000
-0.000000 0.000000 -0.000000 0.000000
-0.876187 0.336356 -0.125896 -0.542536
-0.000000 -0.000000 0.000000 -0.000000
0.000000 0.000000 -0.000000 -0.000000
-0.000000 0.000000 0.000000 -0.000000
0.000000 0.000000 0.000000 -0.000000
-0.473617 -1.303522 -0.483488 -0.424379
0.000000 0.000000 -0.000000 0.000000
-0.000000 0.000000 0.000000 0.000000
0.000000 -0.000000 0.000000 -0.000000
0.000000 -0.000000 -0.000000 0.000000
-0.267250 -0.310947 0.280636 0.324037
-0.000000 -0.000000 -0.000000 -0.000000
0.000000 -0.000000 -0.000000 0.000000
0.000000 -0.000000 0.000000 0.000000
0.000000 -0.000000 0.000000 0.000000
-0.360214 -0.200401 1.071783 0.328237
-0.000000 0.000000 0.000000 -0.000000
-0.000000 -0.000000 -0.000000 -0.000000
0.000000 0.000000 -0.000000 0.000000
0.000000 0.000000 -0.000000 0.000000
0.125466 -0.485780 -0.618128 -0.368839
0.000000 0.000000 -0.000000 0.000000
-0.000000 0.000000 -0.000000 0.000000
0.000000 -0.000000 0.000000 -0.000000
-0.000000 0.000000 -0.000000 -0.000000
-1.994072 1.152390 1.215027 -0.903814
-0.000000 0.000000 0.000000 0.000000
-0.000000 -0.000000 0.000000 -0.000000
0.000000 -0.000000 -0.000000 -0.000000
-0.000000 0.000000 0.000000 0.000000
0.668172 -0.601520 0.533626 -0.589335
-0.000000 -0.000000 -0.000000 -0.000000
-0.000000 0.000000 -0.000000 0.000000
0.000000 -0.000000 0.000000 0.000000
-0.000000 -0.000000 0.000000 0.000000
4.004894 2.069326 0.930439 1.648202
0.000000 0.000000 0.000000 0.000000
0.000000 0.000000 -0.000000 -0.000000
-0.000000 -0.000000 -0.000000 -0.000000
-0.000000 -0.000000 -0.000000 -0.000000
0.188274 2.087659 1.842919 0.302762
0.000000 0.000000 -0.000000 -0.000000
-0.000000 0.000000 0.000000 -0.000000
-0.000000 0.000000 0.000000 0.000000
0.000000 -0.000000 -0.000000 0.000000
-1.512718 0.776684 -0.652418 -0.377474
-0.000000 0.000000 -0.000000 -0.000000
-0.000000 -0.000000 -0.000000 0.000000
-0.000000 -0.000000 -0.000000 0.000000
0.000000 -0.000000 0.000000 0.000000
1.830791 -0.341265 0.510945 0.020807
0.000000 0.000000 -0.000000 0.000000
0.000000 0.000000 0.000000 -0.000000
0.000000 0.000000 -0.000000 -0.000000
-0.000000 -0.000000 0.000000 -0.000000
0.426925 0.415970 0.521926 4.709290
0.000000 -0.000000 -0.000000 -0.000000
-0.000000 -0.000000 0.000000 0.000000
0.000000 0.000000 -0.000000 -0.000000
-0.000000 -0.000000 0.000000 0.000000
0.121180 -0.853462 -1.621766 -2.447400
-0.000000 -0.000000 0.000000 0.000000
0.000000 0.000000 0.000000 0.000000
-0.000000 0.000000 0.000000 0.000000
-0.000000 -0.000000 -0.000000 -0.000000
0.111790 -0.127221 0.401578 0.018896
-0.000000 0.000000 -0.000000 0.000000
0.000000 -0.000000 0.000000 -0.000000
0.000000 0.000000 -0.000000 0.000000
0.000000 0.000000 -0.000000 0.000000
2.428222 -1.328168 -0.422185 0.704370
0.000000 -0.000000 -0.000000 0.000000
-0.000000 0.000000 0.000000 0.000000
-0.000000 -0.000000 -0.000000 -0.000000
-0.000000 0.000000 0.000000 -0.000000
1.024780 1.268432 -0.024475 0.158946
0.000000 -0.000000 -0.000000 -0.000000
0.000000 -0.000000 0.000000 0.000000
-0.000000 0.000000 0.000000 0.000000
-0.000000 0.000000 0.000000 0.000000
-28.182232 -1.794590 -9.772370 -3.115016
-0.000000 0.000000 -0.000000 -0.000000
-0.000000 0.000000 -0.000000 -0.000000
0.000000 -0.000000 0.000000 -0.000000
0.000000 -0.000000 0.000000 0.000000
1.362201 0.627004 1.121570 -1.322207
0.000000 -0.000000 -0.000000 0.000000
0.000000 0.000000 -0.000000 -0.000000
-0.000000 0.000000 0.000000 0.000000
-0.000000 -0.000000 -0.000000 -0.000000
0.426735 0.023885 -0.485790 0.314060
-0.000000 -0.000000 0.000000 -0.000000
-0.000000 -0.000000 -0.000000 0.000000
0.000000 0.000000 -0.000000 0.000000
0.000000 0.000000 -0.000000 -0.000000
1.195747 -0.449345 -0.673254 0.874878
0.000000 0.000000 -0.000000 0.000000
0.000000 0.000000 -0.000000 -0.000000
0.000000 0.000000 0.000000 -0.000000
0.000000 0.000000 -0.000000 0.000000
-1.547424 1.356899 -1.660070 -0.107305
0.000000 0.000000 0.000000 -0.000000
0.000000 0.000000 0.000000 0.000000
0.000000 -0.000000 0.000000 -0.000000
-0.000000 0.000000 -0.000000 0.000000
-0.921765 -1.821958 1.683114 0.200208
0.000000 -0.000000 -0.000000 0.000000
-0.000000 -0.000000 -0.000000 0.000000
0.000000 0.000000 0.000000 -0.000000
0.000000 0.000000 0.000000 -0.000000
0.267981 0.354796 0.257219 -0.096079
0.000000 -0.000000 0.000000 -0.000000
0.000000 -0.000000 -0.000000 -0.000000
-0.000000 0.000000 -0.000000 -0.000000
0.000000 -0.000000 -0.000000 0.000000
0.656534 1.095551 -0.323549 -0.902464
-0.000000 0.000000 0.000000 0.000000
-0.000000 0.000000 -0.000000 0.000000
0.000000 -0.000000 -0.000000 -0.000000
-0.000000 0.000000 0.000000 0.000000
2.947838 2.753884 -0.614143 0.327145
0.000000 -0.000000 -0.000000 0.000000
0.000000 -0.000000 -0.000000 0.000000
0.000000 -0.000000 -0.000000 0.000000
-0.000000 0.000000 0.000000 -0.000000
0.724001 -0.369338 0.815780 0.256190
0.000000 -0.000000 0.000000 0.000000
-0.000000 -0.000000 -0.000000 -0.000000
0.000000 0.000000 -0.000000 0.000000
-0.000000 0.000000 0.000000 -0.000000
-3.110457 -0.979005 0.936246 0.439476
-0.000000 -0.000000 0.000000 0.000000
0.000000 0.000000 -0.000000 -0.000000
0.000000 0.000000 0.000000 0.000000
0.000000 0.000000 0.000000 0.000000
3.863722 -1.220198 0.604591 -0.498643
0.000000 -0.000000 0.000000 0.000000
-0.000000 0.000000 -0.000000 0.000000
0.000000 -0.000000 0.000000 0.000000
0.000000 -0.000000 0.000000 0.000000
0.980790 0.480739 -0.101054 -0.988484
0.000000 0.000000 0.000000 -0.000000
-0.000000 0.000000 0.000000 0.000000
0.000000 -0.000000 -0.000000 0.000000
-0.000000 0.000000 -0.000000 0.000000
-0.207807 -1.088021 0.921021 0.951182
-0.000000 -0.000000 0.000000 0.000000
-0.000000 0.000000 -0.000000 -0.000000
0.000000 -0.000000 -0.000000 0.000000
-0.000000 0.000000 0.000000 -0.000000
1.718605 1.982510 -1.165298 0.106917
0.000000 -0.000000 0.000000 -0.000000
0.000000 -0.000000 0.000000 -0.000000
0.000000 0.000000 -0.000000 -0.000000
0.000000 0.000000 0.000000 0.000000
0.284831 -0.322058 0.146886 -0.524021
0.000000 -0.000000 0.000000 -0.000000
0.000000 -0.000000 -0.000000 0.000000
0.000000 0.000000 0.000000 -0.000000
0.000000 0.000000 -0.000000 -0.000000
0.574821 0.687845 0.933435 0.705770
0.000000 0.000000 0.000000 0.000000
-0.000000 0.000000 -0.000000 0.000000
0.000000 0.000000 0.000000 -0.000000
-0.000000 0.000000 0.000000 -0.000000
-0.628552 -3.011363 -1.189819 -1.636831
0.000000 0.000000 0.000000 0.000000
-0.000000 -0.000000 -0.000000 -0.000000
-0.000000 -0.000000 -0.000000 -0.000000
-0.000000 -0.000000 -0.000000 -0.000000
-0.056829 0.584200 -0.906736 0.432569
-0.000000 -0.000000 0.000000 -0.000000
0.000000 -0.000000 0.000000 0.000000
0.000000 0.000000 0.000000 0.000000
0.000000 0.000000 0.000000 0.000000
1.541748 -1.859281 0.190712 0.454237
-0.000000 -0.000000 -0.000000 0.000000
-0.000000 0.000000 -0.000000 0.000000
-0.000000 0.000000 -0.000000 0.000000
-0.000000 0.000000 0.000000 -0.000000
-0.777394 -1.118255 -2.092893 3.343104
0.000000 -0.000000 -0.000000 0.000000
-0.000000 -0.000000 -0.000000 -0.000000
-0.000000 -0.000000 -0.000000 0.000000
-0.000000 -0.000000 0.000000 -0.000000
-3.820340 -1.960685 -0.110158 0.350105
-0.000000 0.000000 0.000000 -0.000000
0.000000 -0.000000 -0.000000 0.000000
0.000000 -0.000000 -0.000000 -0.000000
-0.000000 0.000000 0.000000 -0.000000
4.789754 -6.011243 3.346283 0.365203
-0.000000 -0.000000 -0.000000 -0.000000
-0.000000 0.000000 0.000000 0.000000
-0.000000 -0.000000 -0.000000 -0.000000
0.000000 0.000000 0.000000 0.000000
-0.184044 0.276945 0.151883 0.065169
0.000000 0.000000 -0.000000 0.000000
-0.000000 0.000000 -0.000000 -0.000000
0.000000 0.000000 0.000000 -0.000000
-0.000000 0.000000 0.000000 0.000000
-41.156865 0.581668 -1.506963 22.334246
0.000000 0.000000 0.000000 -0.000000
-0.000000 -0.000000 -0.000000 0.000000
-0.000000 -0.000000 -0.000000 0.000000
-0.000000 -0.000000 -0.000000 0.000000
0.053176 -0.622755 0.134697 0.633394
-0.000000 0.000000 -0.000000 -0.000000
0.000000 -0.000000 0.000000 -0.000000
0.000000 -0.000000 0.000000 0.000000
0.000000 -0.000000 0.000000 0.000000
0.256749 -2.443344 1.166079 -1.006468
0.000000 -0.000000 0.000000 0.000000
-0.000000 0.000000 -0.000000 0.000000
0.000000 -0.000000 0.000000 -0.000000
0.000000 -0.000000 0.000000 -0.000000
0.709315 -0.242339 3.631189 -0.851353
0.000000 0.000000 0.000000 0.000000
0.000000 0.000000 0.000000 0.000000
-0.000000 -0.000000 -0.000000 -0.000000
0.000000 0.000000 0.000000 0.000000
