2.464080 1.947748 2.016737 -0.085335
1.802733 0.721109 -0.044702 -0.017881
0.721109 80.292517 -0.017881 -0.007153
-0.044702 -0.017881 3.686143 1.474489
-0.017881 -0.007153 1.474489 80.593875
3.009110 1.178277 3.605563 2.605807
3.411252 6.164238 -1.395026 -2.289667
6.164238 17.523019 -2.514136 -4.251487
-1.395026 -2.514136 2.361516 3.892407
-2.289667 -4.251487 3.892407 18.069640
7.667310 5.375657 0.975363 -1.838316
2.348608 2.503856 -0.948652 -0.907183
2.503856 4.208832 -0.840246 -0.981371
-0.948652 -0.840246 3.168472 3.860801
-0.907183 -0.981371 3.860801 7.121213
7.848736 3.409458 0.656917 -1.482436
1.769295 1.405681 0.082078 0.182751
1.405681 1.724528 0.122772 0.061596
0.082078 0.122772 1.647772 1.418068
0.182751 0.061596 1.418068 2.078066
8.733204 2.892455 0.688836 -0.962613
1.712165 1.077408 0.000868 0.020626
1.077408 0.979744 -0.000939 -0.058150
0.000868 -0.000939 1.367001 0.936089
0.020626 -0.058150 0.936089 1.038412
9.193177 2.351852 3.031782 0.644363
1.102536 0.567276 0.231129 0.129064
0.567276 0.465761 0.109155 0.023006
0.231129 0.109155 0.941185 0.534369
0.129064 0.023006 0.534369 0.519083
9.726488 2.032227 4.460291 1.210786
0.819853 0.368446 0.135712 0.050686
0.368446 0.276492 0.036958 -0.009775
0.135712 0.036958 0.967727 0.480866
0.050686 -0.009775 0.480866 0.368867
10.660297 1.986776 5.523660 1.412208
0.787778 0.320333 0.025917 -0.008318
0.320333 0.206282 -0.015530 -0.025829
0.025917 -0.015530 1.003019 0.436008
-0.008318 -0.025829 0.436008 0.274850
10.699922 1.620768 7.036782 1.739624
0.698871 0.257351 -0.067319 -0.040180
0.257351 0.150323 -0.044879 -0.028616
-0.067319 -0.044879 0.977429 0.373950
-0.040180 -0.028616 0.373950 0.203734
10.681739 1.330452 8.852712 2.072588
0.719443 0.242172 -0.130207 -0.054861
0.242172 0.124696 -0.056794 -0.026437
-0.130207 -0.056794 0.928061 0.316421
-0.054861 -0.026437 0.316421 0.154304
11.290583 1.311083 10.134077 2.148156
0.742209 0.228593 -0.155045 -0.054270
0.228593 0.105938 -0.055196 -0.021194
-0.155045 -0.055196 0.898863 0.276692
-0.054270 -0.021194 0.276692 0.123000
11.568591 1.204159 11.267198 2.166435
0.713932 0.202455 -0.173576 -0.051935
0.202455 0.088176 -0.052440 -0.017083
-0.173576 -0.052440 0.815703 0.229580
-0.051935 -0.017083 0.229580 0.097127
12.347398 1.250824 12.228156 2.134441
0.719173 0.189814 -0.179252 -0.047120
0.189814 0.077874 -0.047511 -0.013540
-0.179252 -0.047511 0.801680 0.209338
-0.047120 -0.013540 0.209338 0.083835
12.354208 1.095907 12.809183 2.013579
0.671778 0.166281 -0.188551 -0.044428
0.166281 0.067078 -0.044878 -0.011406
-0.188551 -0.044878 0.710944 0.173804
-0.044428 -0.011406 0.173804 0.069564
13.296747 1.190448 14.009029 2.061126
0.627469 0.147664 -0.148543 -0.031012
0.147664 0.059549 -0.031342 -0.007222
-0.148543 -0.031342 0.650764 0.151426
-0.031012 -0.007222 0.151426 0.061008
14.867853 1.411811 14.911496 2.040058
0.594156 0.134423 -0.122914 -0.022970
0.134423 0.054555 -0.023072 -0.004896
-0.122914 -0.023072 0.629847 0.141206
-0.022970 -0.004896 0.141206 0.056625
15.963243 1.493541 15.437350 1.935369
0.573980 0.126031 -0.104031 -0.017518
0.126031 0.051461 -0.017508 -0.003480
-0.104031 -0.017508 0.614853 0.133751
-0.017518 -0.003480 0.133751 0.053588
16.529146 1.453829 16.339541 1.919616
0.556671 0.119441 -0.092607 -0.014404
0.119441 0.049250 -0.014476 -0.002785
-0.092607 -0.014476 0.585770 0.124322
-0.014404 -0.002785 0.124322 0.050624
17.265590 1.455354 17.247831 1.908886
0.538538 0.113794 -0.065132 -0.008336
0.113794 0.047625 -0.008397 -0.001528
-0.065132 -0.008397 0.560265 0.117078
-0.008336 -0.001528 0.117078 0.048595
17.829846 1.420580 18.151710 1.896846
0.520182 0.108838 -0.039966 -0.003413
0.108838 0.046375 -0.003483 -0.000631
-0.039966 -0.003483 0.533267 0.110404
-0.003413 -0.000631 0.110404 0.046955
18.078679 1.326466 19.358198 1.946364
0.525439 0.109284 -0.030693 -0.002019
0.109284 0.046387 -0.002161 -0.000490
-0.030693 -0.002161 0.525874 0.108390
-0.002019 -0.000490 0.108390 0.046444
18.662306 1.307405 19.954288 1.868154
0.521036 0.107702 -0.031571 -0.002866
0.107702 0.045993 -0.002995 -0.000793
-0.031571 -0.002995 0.519422 0.106745
-0.002866 -0.000793 0.106745 0.046062
19.092892 1.260228 20.693047 1.826634
0.508490 0.104649 -0.040816 -0.005319
0.104649 0.045349 -0.005453 -0.001382
-0.040816 -0.005453 0.502663 0.103134
-0.005319 -0.001382 0.103134 0.045313
20.293523 1.378709 21.759663 1.861510
0.487561 0.100358 -0.029019 -0.003185
0.100358 0.044548 -0.003272 -0.000952
-0.029019 -0.003272 0.484744 0.099765
-0.003185 -0.000952 0.099765 0.044706
20.788852 1.340918 23.162977 1.958448
0.474715 0.098132 -0.019455 -0.001600
0.098132 0.044230 -0.001675 -0.000654
-0.019455 -0.001675 0.471211 0.097552
-0.001600 -0.000654 0.097552 0.044367
20.930600 1.232013 24.408076 2.011654
0.463863 0.096532 0.002752 0.002566
0.096532 0.044054 0.002498 0.000178
0.002752 0.002498 0.461580 0.096323
0.002566 0.000178 0.096323 0.044240
21.185376 1.156711 25.558920 2.041166
0.464329 0.097310 0.013169 0.004014
0.097310 0.044344 0.003961 0.000406
0.013169 0.003961 0.465164 0.097809
0.004014 0.000406 0.097809 0.044644
21.192731 1.036965 27.143230 2.159674
0.466750 0.098327 0.021465 0.005000
0.098327 0.044626 0.004960 0.000552
0.021465 0.004960 0.477475 0.100880
0.005000 0.000552 0.100880 0.045314
22.044737 1.107437 28.279945 2.171503
0.459679 0.097171 0.012644 0.002398
0.097171 0.044402 0.002361 -0.000041
0.012644 0.002361 0.479586 0.101422
0.002398 -0.000041 0.101422 0.045374
21.826765 0.944125 29.022672 2.100032
0.450519 0.095607 0.015091 0.002559
0.095607 0.044092 0.002524 0.000033
0.015091 0.002524 0.475731 0.100604
0.002559 0.000033 0.100604 0.045138
22.586196 1.006250 29.676566 2.015594
0.459972 0.098094 0.012811 0.001756
0.098094 0.044655 0.001727 -0.000096
0.012811 0.001727 0.483645 0.102338
0.001756 -0.000096 0.102338 0.045465
23.299364 1.050744 30.844692 2.048982
0.462999 0.098854 0.027977 0.004806
0.098854 0.044772 0.004788 0.000615
0.027977 0.004788 0.499106 0.105434
0.004806 0.000615 0.105434 0.046043
23.728144 1.030151 31.851280 2.045519
0.472526 0.100956 0.019091 0.002520
0.100956 0.045177 0.002459 0.000129
0.019091 0.002459 0.514594 0.108298
0.002520 0.000129 0.108298 0.046543
24.268292 1.036308 32.628758 1.994099
0.472629 0.100835 0.003563 -0.000820
0.100835 0.045076 -0.000950 -0.000519
0.003563 -0.000950 0.519801 0.108780
-0.000820 -0.000519 0.108780 0.046523
24.792200 1.038367 33.320949 1.930650
0.453935 0.096703 -0.007373 -0.002783
0.096703 0.044134 -0.002982 -0.000811
-0.007373 -0.002982 0.516277 0.107445
-0.002783 -0.000811 0.107445 0.046150
25.473568 1.072977 34.294697 1.932101
0.464500 0.099182 -0.007906 -0.002482
0.099182 0.044684 -0.002651 -0.000620
-0.007906 -0.002651 0.530182 0.109900
-0.002482 -0.000620 0.109900 0.046616
26.162558 1.105384 35.389449 1.958475
0.427906 0.091329 -0.013158 -0.003160
0.091329 0.042974 -0.003373 -0.000672
-0.013158 -0.003373 0.531530 0.109593
-0.003160 -0.000672 0.109593 0.046490
27.378334 1.248033 36.129216 1.909202
0.429696 0.092411 -0.018628 -0.003897
0.092411 0.043317 -0.004121 -0.000753
-0.018628 -0.004121 0.533183 0.109458
-0.003897 -0.000753 0.109458 0.046434
28.215540 1.294141 37.094367 1.911519
0.421352 0.091097 -0.027308 -0.005274
0.091097 0.043079 -0.005543 -0.000985
-0.027308 -0.005543 0.541058 0.110678
-0.005274 -0.000985 0.110678 0.046677
28.772260 1.274612 38.126526 1.926929
0.426084 0.092650 -0.038311 -0.007034
0.092650 0.043455 -0.007387 -0.001299
-0.038311 -0.007387 0.554557 0.112982
-0.007034 -0.001299 0.112982 0.047132
30.005807 1.404569 38.997817 1.910047
0.358586 0.078203 -0.039880 -0.006997
0.078203 0.040284 -0.007092 -0.001222
-0.039880 -0.007092 0.556478 0.112803
-0.006997 -0.001222 0.112803 0.047062
30.564993 1.373640 40.192452 1.957874
0.390119 0.086846 -0.046514 -0.007711
0.086846 0.042438 -0.008005 -0.001338
-0.046514 -0.008005 0.570282 0.115107
-0.007711 -0.001338 0.115107 0.047516
30.993697 1.315694 41.176244 1.957460
0.393853 0.088226 -0.044381 -0.006810
0.088226 0.042711 -0.007015 -0.001118
-0.044381 -0.007015 0.570280 0.114530
-0.006810 -0.001118 0.114530 0.047376
32.097763 1.412682 41.541331 1.837100
0.400862 0.090132 -0.033984 -0.004398
0.090132 0.043064 -0.004468 -0.000620
-0.033984 -0.004468 0.549427 0.109968
-0.004398 -0.000620 0.109968 0.046478
33.777617 1.629467 42.023264 1.755387
0.336939 0.075973 0.010576 0.004154
0.075973 0.039801 0.005442 0.001207
0.010576 0.005442 0.525098 0.105399
0.004154 0.001207 0.105399 0.045703
34.486141 1.605225 42.930563 1.760952
0.364760 0.083657 0.003254 0.002033
0.083657 0.041700 0.002749 0.000492
0.003254 0.002749 0.524947 0.105797
0.002033 0.000492 0.105797 0.045916
34.898537 1.516075 44.079302 1.814269
0.396305 0.091216 -0.012073 -0.001482
0.091216 0.043341 -0.001403 -0.000433
-0.012073 -0.001403 0.530446 0.107268
-0.001482 -0.000433 0.107268 0.046307
35.655040 1.516018 45.113936 1.840111
0.417507 0.095553 -0.005912 -0.000308
0.095553 0.044091 -0.000191 -0.000183
-0.005912 -0.000191 0.504009 0.102154
-0.000308 -0.000183 0.102154 0.045327
36.669772 1.574518 46.211175 1.876688
0.461738 0.104607 -0.016554 -0.002614
0.104607 0.045858 -0.002855 -0.000731
-0.016554 -0.002855 0.492555 0.100473
-0.002614 -0.000731 0.100473 0.045101
36.683432 1.402202 47.167286 1.878972
0.485905 0.108177 -0.041868 -0.007747
0.108177 0.046257 -0.008432 -0.001839
-0.041868 -0.008432 0.484721 0.099566
-0.007747 -0.001839 0.099566 0.045014
