2.103157 -0.164124 -0.262550 -0.425090
-0.000000 0.000000 0.000000 0.000000
0.000000 -0.000000 -0.000000 -0.000000
0.000000 -0.000000 -0.000000 -0.000000
0.000000 0.000000 0.000000 -0.000000
-0.988125 -0.531292 -0.690349 1.467474
0.000000 0.000000 0.000000 -0.000000
0.000000 0.000000 -0.000000 -0.000000
0.000000 0.000000 0.000000 -0.000000
-0.000000 -0.000000 0.000000 0.000000
-0.255531 8.710771 3.857664 7.547467
-0.000000 -0.000000 -0.000000 -0.000000
0.000000 0.000000 0.000000 0.000000
0.000000 -0.000000 -0.000000 -0.000000
0.000000 -0.000000 -0.000000 -0.000000
-0.856135 -0.036572 0.223413 1.526975
0.000000 -0.000000 -0.000000 0.000000
-0.000000 0.000000 0.000000 -0.000000
-0.000000 -0.000000 0.000000 -0.000000
0.000000 0.000000 0.000000 -0.000000
0.594551 0.280547 0.640867 -0.023880
-0.000000 -0.000000 -0.000000 0.000000
-0.000000 -0.000000 -0.000000 -0.000000
0.000000 0.000000 0.000000 -0.000000
-0.000000 -0.000000 0.000000 0.000000
-0.352385 -4.069565 -2.933031 -1.646582
-0.000000 0.000000 0.000000 0.000000
-0.000000 0.000000 0.000000 0.000000
0.000000 -0.000000 -0.000000 -0.000000
-0.000000 0.000000 0.000000 -0.000000
0.150770 -1.459610 0.091544 0.100013
-0.000000 0.000000 -0.000000 0.000000
-0.000000 -0.000000 -0.000000 0.000000
-0.000000 -0.000000 0.000000 0.000000
-0.000000 0.000000 0.000000 -0.000000
0.041849 0.832633 -0.111422 -0.505886
0.000000 0.000000 -0.000000 0.000000
-0.000000 0.000000 -0.000000 -0.000000
-0.000000 0.000000 -0.000000 -0.000000
-0.000000 0.000000 0.000000 0.000000
2.755673 0.618920 3.234212 0.447184
0.000000 -0.000000 -0.000000 -0.000000
0.000000 -0.000000 -0.000000 -0.000000
0.000000 -0.000000 -0.000000 -0.000000
0.000000 -0.000000 -0.000000 -0.000000
0.003905 -0.956957 0.213070 0.463218
-0.000000 -0.000000 0.000000 -0.000000
0.000000 -0.000000 0.000000 0.000000
0.000000 -0.000000 0.000000 -0.000000
-0.000000 0.000000 0.000000 -0.000000
0.551737 0.816859 -1.461289 -1.165604
0.000000 -0.000000 -0.000000 -0.000000
-0.000000 0.000000 -0.000000 -0.000000
0.000000 0.000000 0.000000 0.000000
-0.000000 0.000000 -0.000000 -0.000000
-0.173325 0.074041 -0.687249 0.686605
-0.000000 0.000000 -0.000000 0.000000
0.000000 -0.000000 -0.000000 0.000000
0.000000 0.000000 0.000000 -0.000000
-0.000000 0.000000 0.000000 -0.000000
0.396015 0.577363 -0.041637 -0.140047
-0.000000 -0.000000 0.000000 0.000000
0.000000 0.000000 0.000000 0.000000
0.000000 0.000000 0.000000 -0.000000
-0.000000 -0.000000 -0.000000 0.000000
-0.092350 -1.727367 0.402468 0.598357
0.000000 0.000000 0.000000 0.000000
0.000000 0.000000 0.000000 -0.000000
0.000000 0.000000 -0.000000 -0.000000
0.000000 0.000000 -0.000000 0.000000
0.737519 1.080877 -0.322596 1.055447
-0.000000 -0.000000 -0.000000 0.000000
-0.000000 0.000000 -0.000000 0.000000
-0.000000 0.000000 -0.000000 -0.000000
-0.000000 -0.000000 -0.000000 0.000000
-0.630164 0.242732 -0.520837 0.009835
-0.000000 0.000000 -0.000000 0.000000
0.000000 0.000000 0.000000 -0.000000
0.000000 -0.000000 0.000000 0.000000
-0.000000 0.000000 -0.000000 0.000000
-2.181616 -0.740747 -0.426908 0.648261
-0.000000 0.000000 -0.000000 0.000000
-0.000000 -0.000000 -0.000000 -0.000000
0.000000 0.000000 0.000000 -0.000000
-0.000000 0.000000 -0.000000 0.000000
2.692392 -4.700578 3.815379 -1.329793
0.000000 -0.000000 0.000000 -0.000000
-0.000000 0.000000 -0.000000 0.000000
0.000000 -0.000000 0.000000 -0.000000
-0.000000 0.000000 -0.000000 0.000000
10.311571 -2.656393 -13.993974 2.402958
-0.000000 0.000000 0.000000 -0.000000
-0.000000 0.000000 0.000000 0.000000
0.000000 -0.000000 -0.000000 0.000000
0.000000 -0.000000 -0.000000 -0.000000
-2.743303 0.469831 2.119946 -1.729767
-0.000000 -0.000000 0.000000 -0.000000
-0.000000 -0.000000 0.000000 -0.000000
-0.000000 -0.000000 0.000000 -0.000000
0.000000 0.000000 0.000000 0.000000
-0.525414 -0.846414 -0.166645 -1.029122
-0.000000 0.000000 -0.000000 0.000000
-0.000000 -0.000000 0.000000 -0.000000
0.000000 0.000000 0.000000 0.000000
-0.000000 -0.000000 -0.000000 0.000000
-0.539581 -0.448801 -0.336308 -0.014722
-0.000000 0.000000 -0.000000 -0.000000
0.000000 0.000000 0.000000 -0.000000
-0.000000 -0.000000 0.000000 -0.000000
0.000000 -0.000000 -0.000000 -0.000000
-0.333165 0.667080 1.179952 -0.745783
0.000000 -0.000000 -0.000000 -0.000000
0.000000 -0.000000 0.000000 0.000000
-0.000000 0.000000 -0.000000 0.000000
-0.000000 -0.000000 -0.000000 -0.000000
2.623724 -45.525629 54.435736 17.320739
-0.000000 -0.000000 0.000000 0.000000
-0.000000 -0.000000 0.000000 0.000000
0.000000 0.000000 -0.000000 -0.000000
-0.000000 -0.000000 0.000000 0.000000
-0.016400 0.579822 1.165200 -0.294723
0.000000 -0.000000 0.000000 0.000000
0.000000 -0.000000 -0.000000 0.000000
-0.000000 0.000000 -0.000000 0.000000
0.000000 -0.000000 0.000000 -0.000000
-3.403259 1.671958 0.386809 0.065711
0.000000 -0.000000 0.000000 0.000000
-0.000000 0.000000 0.000000 0.000000
-0.000000 0.000000 -0.000000 -0.000000
-0.000000 0.000000 -0.000000 -0.000000
0.832968 -1.098143 0.749071 1.205465
0.000000 -0.000000 -0.000000 0.000000
0.000000 -0.000000 -0.000000 -0.000000
0.000000 -0.000000 -0.000000 -0.000000
0.000000 -0.000000 -0.000000 -0.000000
-0.681783 -2.152421 0.112331 0.905686
-0.000000 0.000000 0.000000 0.000000
-0.000000 0.000000 -0.000000 -0.000000
0.000000 -0.000000 0.000000 0.000000
-0.000000 -0.000000 0.000000 0.000000
-0.702758 1.185703 1.428733 -0.589451
0.000000 -0.000000 -0.000000 -0.000000
0.000000 -0.000000 0.000000 -0.000000
-0.000000 -0.000000 0.000000 -0.000000
0.000000 0.000000 -0.000000 0.000000
-2.538968 0.384378 -1.169821 0.644066
-0.000000 0.000000 -0.000000 -0.000000
0.000000 -0.000000 0.000000 -0.000000
-0.000000 -0.000000 -0.000000 -0.000000
0.000000 -0.000000 0.000000 0.000000
-0.538956 -0.167526 -0.574054 1.346137
-0.000000 0.000000 0.000000 0.000000
-0.000000 -0.000000 -0.000000 -0.000000
-0.000000 -0.000000 -0.000000 0.000000
-0.000000 -0.000000 0.000000 0.000000
20.162214 38.052095 -24.215598 -22.010892
-0.000000 -0.000000 0.000000 0.000000
-0.000000 -0.000000 0.000000 0.000000
-0.000000 -0.000000 0.000000 0.000000
0.000000 0.000000 -0.000000 -0.000000
0.195421 3.161424 2.783036 1.936156
-0.000000 -0.000000 -0.000000 0.000000
-0.000000 0.000000 -0.000000 0.000000
-0.000000 0.000000 -0.000000 0.000000
-0.000000 0.000000 -0.000000 0.000000
0.124246 -1.022870 1.015013 1.390857
0.000000 -0.000000 0.000000 0.000000
0.000000 -0.000000 -0.000000 -0.000000
0.000000 0.000000 0.000000 0.000000
-0.000000 -0.000000 0.000000 0.000000
-1.682085 -0.272101 -2.443846 -2.812755
0.000000 0.000000 0.000000 0.000000
-0.000000 -0.000000 -0.000000 -0.000000
-0.000000 -0.000000 0.000000 0.000000
0.000000 0.000000 0.000000 0.000000
0.436082 4.599746 1.877842 -2.780199
0.000000 -0.000000 -0.000000 0.000000
0.000000 -0.000000 -0.000000 0.000000
0.000000 0.000000 -0.000000 -0.000000
0.000000 0.000000 0.000000 -0.000000
3.516715 -0.720406 -1.538932 -0.739124
0.000000 -0.000000 -0.000000 -0.000000
0.000000 -0.000000 -0.000000 0.000000
-0.000000 -0.000000 0.000000 -0.000000
0.000000 -0.000000 -0.000000 0.000000
1.421756 -1.004605 2.516468 1.818941
-0.000000 0.000000 -0.000000 -0.000000
0.000000 0.000000 0.000000 0.000000
-0.000000 -0.000000 -0.000000 -0.000000
-0.000000 -0.000000 -0.000000 -0.000000
-1.656643 0.293370 -0.158578 -0.536628
-0.000000 -0.000000 -0.000000 0.000000
0.000000 0.000000 -0.000000 -0.000000
-0.000000 -0.000000 -0.000000 -0.000000
0.000000 -0.000000 -0.000000 0.000000
-0.125124 -0.405214 -0.469794 -0.333572
-0.000000 0.000000 -0.000000 0.000000
0.000000 0.000000 0.000000 0.000000
-0.000000 0.000000 0.000000 0.000000
-0.000000 0.000000 -0.000000 0.000000
-1.633984 -0.490666 -2.365425 -1.318136
0.000000 0.000000 0.000000 0.000000
-0.000000 0.000000 0.000000 -0.000000
0.000000 0.000000 -0.000000 0.000000
0.000000 0.000000 -0.000000 0.000000
-19.371833 15.348499 0.312940 3.790900
0.000000 0.000000 -0.000000 -0.000000
-0.000000 -0.000000 0.000000 0.000000
-0.000000 -0.000000 0.000000 0.000000
0.000000 0.000000 -0.000000 -0.000000
3.847890 18.511226 -40.130862 1.661829
0.000000 0.000000 0.000000 -0.000000
-0.000000 -0.000000 -0.000000 0.000000
0.000000 0.000000 0.000000 0.000000
-0.000000 -0.000000 -0.000000 0.000000
-1.866280 -0.495505 -0.580088 -0.211871
0.000000 -0.000000 0.000000 0.000000
0.000000 0.000000 -0.000000 -0.000000
-0.000000 -0.000000 0.000000 -0.000000
0.000000 -0.000000 0.000000 0.000000
1.038088 -3.552065 1.595201 0.676062
0.000000 -0.000000 0.000000 0.000000
-0.000000 0.000000 -0.000000 -0.000000
0.000000 -0.000000 0.000000 0.000000
-0.000000 0.000000 -0.000000 -0.000000
-3.139037 -0.303234 -5.187795 4.576788
-0.000000 0.000000 -0.000000 0.000000
-0.000000 -0.000000 -0.000000 0.000000
-0.000000 -0.000000 -0.000000 0.000000
0.000000 0.000000 0.000000 -0.000000
-0.292166 -0.172135 0.254167 1.788840
0.000000 0.000000 -0.000000 0.000000
0.000000 0.000000 0.000000 -0.000000
-0.000000 -0.000000 -0.000000 0.000000
0.000000 0.000000 0.000000 -0.000000
-1.009749 -2.788209 -0.259425 0.181043
-0.000000 -0.000000 -0.000000 -0.000000
0.000000 0.000000 0.000000 0.000000
0.000000 0.000000 -0.000000 -0.000000
0.000000 0.000000 -0.000000 0.000000
0.739075 -3.566053 -2.055287 8.957615
-0.000000 -0.000000 0.000000 0.000000
0.000000 0.000000 -0.000000 -0.000000
0.000000 0.000000 0.000000 -0.000000
0.000000 -0.000000 -0.000000 0.000000
-1.707958 1.340475 -0.311494 0.237328
0.000000 -0.000000 -0.000000 0.000000
-0.000000 0.000000 -0.000000 -0.000000
-0.000000 -0.000000 0.000000 0.000000
-0.000000 -0.000000 0.000000 -0.000000
